0,SIAgent10,FEMALE_OLD,1684,1684.0,0,0.0
0,SIAgent11,FEMALE_YOUNG_HIGH_INCOME,153,153.0,15,15.0
0,SIAgent12,FEMALE_OLD_LOW_INCOME,1440,1440.0,0,0.0
0,WEAgent18,HIGH_INCOME,397,397.0,0,0.0
0,SIAgent13,FEMALE_YOUNG_LOW_INCOME,1188,1188.0,0,0.0
0,WEAgent19,HIGH_INCOME,397,397.0,0,0.0
0,WEAgent16,LOW_INCOME,1602,1602.0,1245,1246.1959999999788
0,WEAgent17,FEMALE_HIGH_INCOME,132,132.0,0,0.0
0,WEAgent14,MALE_HIGH_INCOME,795,795.0,0,0.0
0,WEAgent15,FEMALE_OLD_LOW_INCOME,960,960.0,0,0.0
0,WEAgent12,OLD,2164,2164.0,2069,2069.720999999986
0,WEAgent13,FEMALE_OLD,1123,1123.0,0,0.0
0,WEAgent9,OLD_LOW_INCOME,2517,2517.0,2502,2502.722000000005
0,WEAgent10,MALE,991,991.0,0,0.0
0,WEAgent11,YOUNG,917,917.0,916,916.1429999999984
0,WEAgent7,YOUNG_LOW_INCOME,2289,2289.0,1088,1089.0879999999813
0,WEAgent8,FEMALE_OLD_LOW_INCOME,960,960.0,0,0.0
0,WEAgent1,MALE_OLD_HIGH_INCOME,323,323.0,0,0.0
0,WEAgent2,YOUNG_LOW_INCOME,2289,2289.0,1061,1062.060999999982
0,WEAgent0,HIGH_INCOME,1192,1192.0,0,0.0
0,SIAgent9,MALE_YOUNG_HIGH_INCOME,310,310.0,8,8.0
0,WEAgent5,FEMALE_OLD_HIGH_INCOME,244,244.0,0,0.0
0,WEAgent6,MALE,1982,1982.0,0,0.0
0,SIAgent7,HIGH_INCOME,397,397.0,19,19.0
0,WEAgent3,FEMALE_YOUNG,1341,1341.0,0,0.0
0,SIAgent8,OLD_LOW_INCOME,1678,1678.0,0,0.0
0,WEAgent4,YOUNG_LOW_INCOME,2289,2289.0,1070,1071.0699999999817
0,SIAgent5,FEMALE_OLD_LOW_INCOME,960,960.0,0,0.0
0,SIAgent6,MALE_OLD_LOW_INCOME,718,718.0,0,0.0
0,SIAgent3,MALE_YOUNG_HIGH_INCOME,103,103.0,7,7.0
0,SIAgent4,YOUNG_LOW_INCOME,2289,2289.0,0,0.0
0,SIAgent1,MALE_LOW_INCOME,1452,1452.0,0,0.0
0,SIAgent2,FEMALE_OLD_LOW_INCOME,1440,1440.0,0,0.0
0,SIAgent0,MALE_OLD_LOW_INCOME,1077,1077.0,0,0.0
1,SIAgent10,YOUNG,1835,1835.0,89,89.0
1,SIAgent11,HIGH_INCOME,1192,1192.0,348,348.0
1,SIAgent12,MALE_OLD_LOW_INCOME,359,359.0,0,0.0
1,WEAgent18,MALE_OLD_LOW_INCOME,718,718.0,0,0.0
1,SIAgent13,MALE_YOUNG,1411,1411.0,87,87.0
1,WEAgent19,MALE_LOW_INCOME,2178,2178.0,0,0.0
1,WEAgent16,MALE,1982,1982.0,0,0.0
1,WEAgent17,FEMALE_OLD,561,561.0,560,560.5599999999937
1,WEAgent14,MALE,991,991.0,0,0.0
1,WEAgent15,OLD_HIGH_INCOME,486,486.0,0,0.0
1,WEAgent12,MALE_LOW_INCOME,726,726.0,0,0.0
1,WEAgent13,FEMALE_OLD_LOW_INCOME,1440,1440.0,0,0.0
1,WEAgent9,MALE,991,991.0,0,0.0
1,WEAgent10,FEMALE_YOUNG,1341,1341.0,0,0.0
1,WEAgent11,FEMALE,3026,3026.0,3024,3025.3680000000186
1,WEAgent7,MALE_OLD_LOW_INCOME,718,718.0,0,0.0
1,WEAgent8,MALE_OLD_LOW_INCOME,359,359.0,0,0.0
1,WEAgent1,LOW_INCOME,4807,4807.0,4713,4713.814000000065
1,WEAgent2,YOUNG_HIGH_INCOME,154,154.0,0,0.0
1,WEAgent0,MALE_OLD_LOW_INCOME,359,359.0,0,0.0
1,SIAgent9,YOUNG_LOW_INCOME,2289,2289.0,0,0.0
1,WEAgent5,FEMALE_OLD_LOW_INCOME,1440,1440.0,0,0.0
1,WEAgent6,MALE,2973,2973.0,0,0.0
1,SIAgent7,FEMALE_YOUNG_HIGH_INCOME,102,102.0,3,3.0
1,WEAgent3,FEMALE_OLD_LOW_INCOME,480,480.0,0,0.0
1,SIAgent8,MALE_YOUNG_LOW_INCOME,734,734.0,0,0.0
1,WEAgent4,FEMALE_YOUNG_LOW_INCOME,396,396.0,0,0.0
1,SIAgent5,MALE_YOUNG_HIGH_INCOME,310,310.0,59,59.0
1,SIAgent6,MALE_HIGH_INCOME,795,795.0,352,352.0
1,SIAgent3,FEMALE_LOW_INCOME,2628,2628.0,156,156.0
1,SIAgent4,FEMALE,3026,3026.0,191,191.0
1,SIAgent1,YOUNG_HIGH_INCOME,309,309.0,80,80.0
1,SIAgent2,MALE,1982,1982.0,333,333.0
1,SIAgent0,FEMALE_HIGH_INCOME,397,397.0,5,5.0
2,SIAgent10,MALE_OLD,1561,1561.0,0,0.0
2,SIAgent11,FEMALE_LOW_INCOME,876,876.0,366,366.0
2,SIAgent12,FEMALE_YOUNG_HIGH_INCOME,102,102.0,57,57.0
2,WEAgent18,FEMALE_YOUNG,1341,1341.0,0,0.0
2,SIAgent13,FEMALE_YOUNG_LOW_INCOME,1188,1188.0,9,9.0
2,WEAgent19,FEMALE_OLD_LOW_INCOME,480,480.0,0,0.0
2,WEAgent16,OLD_HIGH_INCOME,486,486.0,0,0.0
2,WEAgent17,FEMALE_OLD,561,561.0,0,0.0
2,WEAgent14,MALE,1982,1982.0,1982,1982.0
2,WEAgent15,YOUNG,1835,1835.0,0,0.0
2,WEAgent12,FEMALE_LOW_INCOME,2628,2628.0,2627,2627.243999999997
2,WEAgent13,MALE_OLD_LOW_INCOME,718,718.0,0,0.0
2,WEAgent9,FEMALE_OLD_HIGH_INCOME,244,244.0,0,0.0
2,WEAgent10,FEMALE_YOUNG_LOW_INCOME,396,396.0,0,0.0
2,WEAgent11,FEMALE_OLD,561,561.0,0,0.0
2,WEAgent7,FEMALE_YOUNG_HIGH_INCOME,102,102.0,102,102.0
2,WEAgent8,MALE_YOUNG_HIGH_INCOME,310,310.0,0,0.0
2,WEAgent1,FEMALE_LOW_INCOME,1752,1752.0,0,0.0
2,WEAgent2,OLD_HIGH_INCOME,729,729.0,0,0.0
2,WEAgent0,OLD_HIGH_INCOME,243,243.0,0,0.0
2,SIAgent9,FEMALE_OLD_HIGH_INCOME,244,244.0,3,3.0
2,WEAgent5,FEMALE,1008,1008.0,0,0.0
2,WEAgent6,FEMALE_OLD,561,561.0,0,0.0
2,SIAgent7,MALE_OLD_HIGH_INCOME,484,484.0,0,0.0
2,WEAgent3,OLD_HIGH_INCOME,243,243.0,0,0.0
2,SIAgent8,FEMALE_LOW_INCOME,876,876.0,391,391.0
2,WEAgent4,OLD,3246,3246.0,3234,3234.234999999996
2,SIAgent5,HIGH_INCOME,1192,1192.0,69,69.0
2,SIAgent6,FEMALE_OLD_HIGH_INCOME,244,244.0,3,3.0
2,SIAgent3,FEMALE_LOW_INCOME,876,876.0,375,375.0
2,SIAgent4,OLD_HIGH_INCOME,486,486.0,3,3.0
2,SIAgent1,OLD,1082,1082.0,381,381.0
2,SIAgent2,MALE_YOUNG,470,470.0,169,169.0
2,SIAgent0,YOUNG,1835,1835.0,229,229.0
3,SIAgent10,YOUNG_HIGH_INCOME,309,309.0,8,8.0
3,SIAgent11,MALE,2973,2973.0,130,130.0
3,SIAgent12,HIGH_INCOME,1192,1192.0,174,174.0
3,WEAgent18,FEMALE_OLD,1123,1123.0,0,0.0
3,SIAgent13,MALE_OLD_LOW_INCOME,1077,1077.0,0,0.0
3,WEAgent19,MALE_OLD_LOW_INCOME,718,718.0,0,0.0
3,WEAgent16,HIGH_INCOME,1192,1192.0,0,0.0
3,WEAgent17,MALE_OLD_LOW_INCOME,359,359.0,0,0.0
3,WEAgent14,OLD_LOW_INCOME,1678,1678.0,0,0.0
3,WEAgent15,LOW_INCOME,1602,1602.0,0,0.0
3,WEAgent12,MALE_OLD_HIGH_INCOME,323,323.0,0,0.0
3,WEAgent13,MALE_YOUNG_LOW_INCOME,734,734.0,0,0.0
3,WEAgent9,FEMALE_YOUNG_HIGH_INCOME,102,102.0,0,0.0
3,WEAgent10,MALE_OLD_LOW_INCOME,359,359.0,0,0.0
3,WEAgent11,FEMALE,3026,3026.0,0,0.0
3,WEAgent7,LOW_INCOME,4807,4807.0,2592,2594.59200000007
3,WEAgent8,LOW_INCOME,4807,4807.0,2481,2483.4810000000475
3,WEAgent1,FEMALE_YOUNG_LOW_INCOME,396,396.0,395,395.39499999999754
3,WEAgent2,FEMALE_YOUNG,447,447.0,419,419.1900000000003
3,WEAgent0,MALE_HIGH_INCOME,265,265.0,0,0.0
3,SIAgent9,OLD,3246,3246.0,977,977.0
3,WEAgent5,FEMALE_LOW_INCOME,2628,2628.0,0,0.0
3,WEAgent6,OLD,1082,1082.0,0,0.0
3,SIAgent7,HIGH_INCOME,795,795.0,195,195.0
3,WEAgent3,FEMALE_HIGH_INCOME,265,265.0,0,0.0
3,SIAgent8,MALE_OLD,1041,1041.0,122,122.0
3,WEAgent4,MALE_YOUNG,470,470.0,470,470.0
3,SIAgent5,FEMALE,3026,3026.0,759,759.0
3,SIAgent6,OLD,1082,1082.0,1016,1016.0
3,SIAgent3,MALE_YOUNG,1411,1411.0,9,9.0
3,SIAgent4,MALE,991,991.0,114,114.0
3,SIAgent1,YOUNG_HIGH_INCOME,463,463.0,10,10.0
3,SIAgent2,FEMALE_OLD_HIGH_INCOME,244,244.0,66,66.0
3,SIAgent0,FEMALE_HIGH_INCOME,265,265.0,63,63.0
4,SIAgent10,YOUNG_HIGH_INCOME,154,154.0,3,3.0
4,SIAgent11,MALE_OLD,1041,1041.0,405,405.0
4,SIAgent12,FEMALE_YOUNG_LOW_INCOME,1188,1188.0,479,479.0
4,WEAgent18,MALE_LOW_INCOME,726,726.0,0,0.0
4,SIAgent13,FEMALE_OLD,561,561.0,125,125.0
4,WEAgent19,FEMALE_YOUNG,447,447.0,446,446.1700000000004
4,WEAgent16,MALE_LOW_INCOME,726,726.0,0,0.0
4,WEAgent17,YOUNG_HIGH_INCOME,154,154.0,0,0.0
4,WEAgent14,HIGH_INCOME,397,397.0,0,0.0
4,WEAgent15,LOW_INCOME,1602,1602.0,0,0.0
4,WEAgent12,FEMALE_HIGH_INCOME,265,265.0,0,0.0
4,WEAgent13,YOUNG,917,917.0,898,898.1430000000003
4,WEAgent9,YOUNG,1835,1835.0,0,0.0
4,WEAgent10,MALE_OLD_LOW_INCOME,359,359.0,0,0.0
4,WEAgent11,MALE_YOUNG,470,470.0,0,0.0
4,WEAgent7,MALE,991,991.0,0,0.0
4,WEAgent8,FEMALE_OLD,561,561.0,0,0.0
4,WEAgent1,FEMALE,3026,3026.0,0,0.0
4,WEAgent2,MALE_YOUNG_LOW_INCOME,367,367.0,0,0.0
4,WEAgent0,FEMALE_OLD_HIGH_INCOME,244,244.0,0,0.0
4,SIAgent9,YOUNG_HIGH_INCOME,463,463.0,4,4.0
4,WEAgent5,LOW_INCOME,1602,1602.0,0,0.0
4,WEAgent6,FEMALE_YOUNG_LOW_INCOME,1188,1188.0,0,0.0
4,SIAgent7,LOW_INCOME,4807,4807.0,2127,1610.0
4,WEAgent3,MALE_OLD,520,520.0,0,0.0
4,SIAgent8,FEMALE_YOUNG_LOW_INCOME,396,396.0,396,396.0
4,WEAgent4,OLD,3246,3246.0,3222,3222.0
4,SIAgent5,MALE_HIGH_INCOME,530,530.0,8,8.0
4,SIAgent6,OLD_HIGH_INCOME,729,729.0,5,5.0
4,SIAgent3,OLD,3246,3246.0,479,479.0
4,SIAgent4,MALE_YOUNG_HIGH_INCOME,103,103.0,8,8.0
4,SIAgent1,HIGH_INCOME,795,795.0,7,7.0
4,SIAgent2,MALE,991,991.0,991,991.0
4,SIAgent0,MALE_OLD,1561,1561.0,397,397.0
5,SIAgent10,FEMALE_YOUNG,447,447.0,447,447.0
5,SIAgent11,LOW_INCOME,3204,3204.0,1071,1071.0
5,SIAgent12,FEMALE_OLD,1123,1123.0,755,755.0
5,WEAgent18,LOW_INCOME,3204,3204.0,3174,3174.0
5,SIAgent13,YOUNG,1835,1835.0,479,479.0
5,WEAgent19,FEMALE_OLD,1123,1123.0,0,0.0
5,WEAgent16,MALE_OLD,1561,1561.0,0,0.0
5,WEAgent17,OLD_LOW_INCOME,2517,2517.0,0,0.0
5,WEAgent14,MALE_YOUNG,941,941.0,0,0.0
5,WEAgent15,FEMALE_HIGH_INCOME,397,397.0,0,0.0
5,WEAgent12,FEMALE_LOW_INCOME,876,876.0,0,0.0
5,WEAgent13,MALE_YOUNG_HIGH_INCOME,103,103.0,0,0.0
5,WEAgent9,MALE_YOUNG_HIGH_INCOME,103,103.0,0,0.0
5,WEAgent10,MALE_LOW_INCOME,2178,2178.0,0,0.0
5,WEAgent11,MALE_YOUNG_LOW_INCOME,1101,1101.0,0,0.0
5,WEAgent7,FEMALE_YOUNG_LOW_INCOME,792,792.0,0,0.0
5,WEAgent8,MALE_OLD_LOW_INCOME,718,718.0,0,0.0
5,WEAgent1,MALE,991,991.0,990,990.3519999999944
5,WEAgent2,FEMALE,1008,1008.0,0,0.0
5,WEAgent0,FEMALE_OLD,561,561.0,0,0.0
5,SIAgent9,FEMALE,2017,2017.0,1233,1233.0
5,WEAgent5,YOUNG,917,917.0,0,0.0
5,WEAgent6,MALE_OLD_HIGH_INCOME,323,323.0,322,322.32199999999926
5,SIAgent7,MALE_HIGH_INCOME,265,265.0,6,6.0
5,WEAgent3,MALE_YOUNG_HIGH_INCOME,310,310.0,0,0.0
5,SIAgent8,MALE_YOUNG,470,470.0,54,54.0
5,WEAgent4,MALE_OLD_LOW_INCOME,718,718.0,0,0.0
5,SIAgent5,FEMALE_YOUNG,447,447.0,425,425.0
5,SIAgent6,FEMALE_YOUNG_HIGH_INCOME,153,153.0,44,44.0
5,SIAgent3,MALE_YOUNG_LOW_INCOME,1101,1101.0,71,71.0
5,SIAgent4,MALE,2973,2973.0,76,76.0
5,SIAgent1,MALE_YOUNG_LOW_INCOME,367,367.0,81,81.0
5,SIAgent2,HIGH_INCOME,397,397.0,180,180.0
5,SIAgent0,OLD_LOW_INCOME,839,839.0,592,592.0
6,SIAgent10,FEMALE,2017,2017.0,862,862.0
6,SIAgent11,MALE_LOW_INCOME,726,726.0,599,599.0
6,SIAgent12,OLD_LOW_INCOME,1678,1678.0,959,959.0
6,WEAgent18,FEMALE_YOUNG_LOW_INCOME,792,792.0,0,0.0
6,SIAgent13,FEMALE_OLD_LOW_INCOME,960,960.0,360,360.0
6,WEAgent19,FEMALE_YOUNG_HIGH_INCOME,153,153.0,0,0.0
6,WEAgent16,HIGH_INCOME,1192,1192.0,0,0.0
6,WEAgent17,YOUNG,917,917.0,0,0.0
6,WEAgent14,FEMALE_OLD_LOW_INCOME,1440,1440.0,0,0.0
6,WEAgent15,MALE_OLD_LOW_INCOME,718,718.0,0,0.0
6,WEAgent12,FEMALE_YOUNG_HIGH_INCOME,102,102.0,0,0.0
6,WEAgent13,OLD_LOW_INCOME,1678,1678.0,0,0.0
6,WEAgent9,FEMALE_OLD,1123,1123.0,0,0.0
6,WEAgent10,YOUNG,917,917.0,0,0.0
6,WEAgent11,MALE_YOUNG_LOW_INCOME,367,367.0,0,0.0
6,WEAgent7,MALE_LOW_INCOME,726,726.0,0,0.0
6,WEAgent8,LOW_INCOME,1602,1602.0,0,0.0
6,WEAgent1,FEMALE_HIGH_INCOME,132,132.0,0,0.0
6,WEAgent2,MALE_LOW_INCOME,2178,2178.0,0,0.0
6,WEAgent0,MALE_OLD_HIGH_INCOME,484,484.0,0,0.0
6,SIAgent9,FEMALE_YOUNG,1341,1341.0,426,426.0
6,WEAgent5,MALE_HIGH_INCOME,530,530.0,0,0.0
6,WEAgent6,YOUNG_HIGH_INCOME,463,463.0,480,0.0
6,SIAgent7,FEMALE_YOUNG_LOW_INCOME,396,396.0,393,393.0
6,WEAgent3,YOUNG_LOW_INCOME,2289,2289.0,2289,2289.0
6,SIAgent8,FEMALE_OLD_HIGH_INCOME,162,162.0,70,70.0
6,WEAgent4,FEMALE_HIGH_INCOME,265,265.0,0,0.0
6,SIAgent5,FEMALE_HIGH_INCOME,397,397.0,135,135.0
6,SIAgent6,FEMALE_HIGH_INCOME,132,132.0,116,116.0
6,SIAgent3,OLD,3246,3246.0,1779,986.0
6,SIAgent4,FEMALE_YOUNG_LOW_INCOME,792,792.0,384,384.0
6,SIAgent1,FEMALE_OLD_LOW_INCOME,1440,1440.0,371,371.0
6,SIAgent2,FEMALE_OLD,1684,1684.0,436,436.0
6,SIAgent0,FEMALE_OLD_LOW_INCOME,480,480.0,341,341.0
7,SIAgent10,FEMALE_YOUNG_LOW_INCOME,792,792.0,11,11.0
7,SIAgent11,HIGH_INCOME,1192,1192.0,398,398.0
7,SIAgent12,HIGH_INCOME,397,397.0,397,397.0
7,WEAgent18,MALE_OLD_LOW_INCOME,1077,1077.0,0,0.0
7,SIAgent13,FEMALE_YOUNG,447,447.0,105,105.0
7,WEAgent19,FEMALE_OLD_HIGH_INCOME,244,244.0,0,0.0
7,WEAgent16,LOW_INCOME,4807,4807.0,4826,2972.836000000003
7,WEAgent17,FEMALE,2017,2017.0,0,0.0
7,WEAgent14,FEMALE_YOUNG_LOW_INCOME,792,792.0,0,0.0
7,WEAgent15,YOUNG,1835,1835.0,0,0.0
7,WEAgent12,MALE_OLD_HIGH_INCOME,484,484.0,0,0.0
7,WEAgent13,YOUNG,1835,1835.0,0,0.0
7,WEAgent9,MALE_HIGH_INCOME,265,265.0,265,265.0
7,WEAgent10,MALE_OLD_HIGH_INCOME,161,161.0,0,0.0
7,WEAgent11,FEMALE_YOUNG,447,447.0,0,0.0
7,WEAgent7,MALE_HIGH_INCOME,795,795.0,0,0.0
7,WEAgent8,YOUNG,1835,1835.0,0,0.0
7,WEAgent1,MALE_OLD_LOW_INCOME,718,718.0,0,0.0
7,WEAgent2,FEMALE_YOUNG_LOW_INCOME,396,396.0,0,0.0
7,WEAgent0,FEMALE_LOW_INCOME,2628,2628.0,2627,2627.8020000000274
7,SIAgent9,OLD_HIGH_INCOME,243,243.0,163,163.0
7,WEAgent5,YOUNG_HIGH_INCOME,463,463.0,0,0.0
7,WEAgent6,MALE_OLD,1041,1041.0,0,0.0
7,SIAgent7,MALE_OLD_HIGH_INCOME,323,323.0,85,85.0
7,WEAgent3,MALE_OLD,1561,1561.0,0,0.0
7,SIAgent8,OLD,1082,1082.0,292,292.0
7,WEAgent4,FEMALE_YOUNG_LOW_INCOME,1188,1188.0,0,0.0
7,SIAgent5,MALE_OLD_LOW_INCOME,359,359.0,12,12.0
7,SIAgent6,FEMALE_OLD_HIGH_INCOME,81,81.0,68,68.0
7,SIAgent3,FEMALE_OLD_HIGH_INCOME,81,81.0,64,64.0
7,SIAgent4,FEMALE_LOW_INCOME,1752,1752.0,150,150.0
7,SIAgent1,MALE_HIGH_INCOME,530,530.0,237,237.0
7,SIAgent2,FEMALE_OLD_LOW_INCOME,480,480.0,144,144.0
7,SIAgent0,FEMALE_OLD_LOW_INCOME,480,480.0,156,156.0
8,SIAgent10,YOUNG_LOW_INCOME,763,763.0,12,12.0
8,SIAgent11,YOUNG,917,917.0,71,71.0
8,SIAgent12,MALE_YOUNG,1411,1411.0,3,3.0
8,WEAgent18,OLD_HIGH_INCOME,243,243.0,242,242.2420000000008
8,SIAgent13,OLD_LOW_INCOME,2517,2517.0,211,211.0
8,WEAgent19,MALE,991,991.0,537,537.5369999999942
8,WEAgent16,OLD_LOW_INCOME,2517,2517.0,0,0.0
8,WEAgent17,FEMALE_YOUNG_HIGH_INCOME,153,153.0,0,0.0
8,WEAgent14,FEMALE_OLD_LOW_INCOME,960,960.0,0,0.0
8,WEAgent15,FEMALE_LOW_INCOME,2628,2628.0,2627,2627.8020000000292
8,WEAgent12,MALE_YOUNG_HIGH_INCOME,103,103.0,0,0.0
8,WEAgent13,MALE_YOUNG_LOW_INCOME,1101,1101.0,0,0.0
8,WEAgent9,FEMALE_OLD_HIGH_INCOME,81,81.0,0,0.0
8,WEAgent10,MALE,991,991.0,534,534.5339999999943
8,WEAgent11,FEMALE_YOUNG_HIGH_INCOME,51,51.0,0,0.0
8,WEAgent7,OLD_LOW_INCOME,1678,1678.0,0,0.0
8,WEAgent8,MALE_YOUNG_LOW_INCOME,734,734.0,0,0.0
8,WEAgent1,MALE_OLD_LOW_INCOME,359,359.0,0,0.0
8,WEAgent2,YOUNG_HIGH_INCOME,154,154.0,0,0.0
8,WEAgent0,OLD_LOW_INCOME,839,839.0,0,0.0
8,SIAgent9,FEMALE,1008,1008.0,365,365.0
8,WEAgent5,MALE_OLD_HIGH_INCOME,161,161.0,0,0.0
8,WEAgent6,LOW_INCOME,4807,4807.0,4746,4746.8420000000715
8,SIAgent7,MALE_YOUNG,1411,1411.0,8,8.0
8,WEAgent3,FEMALE_OLD,1123,1123.0,0,0.0
8,SIAgent8,MALE_YOUNG_HIGH_INCOME,310,310.0,0,0.0
8,WEAgent4,MALE,1982,1982.0,0,0.0
8,SIAgent5,MALE_YOUNG_HIGH_INCOME,103,103.0,0,0.0
8,SIAgent6,OLD,2164,2164.0,284,284.0
8,SIAgent3,YOUNG,917,917.0,80,80.0
8,SIAgent4,OLD_HIGH_INCOME,729,729.0,91,91.0
8,SIAgent1,FEMALE_HIGH_INCOME,265,265.0,189,189.0
8,SIAgent2,MALE_OLD,1561,1561.0,0,0.0
8,SIAgent0,MALE_OLD_HIGH_INCOME,161,161.0,0,0.0
9,SIAgent10,MALE_OLD_LOW_INCOME,1077,1077.0,598,598.0
9,SIAgent11,LOW_INCOME,3204,3204.0,1387,947.0
9,SIAgent12,FEMALE_YOUNG_LOW_INCOME,1188,1188.0,0,0.0
9,WEAgent18,FEMALE_YOUNG,894,894.0,0,0.0
9,SIAgent13,FEMALE_YOUNG_HIGH_INCOME,51,51.0,0,0.0
9,WEAgent19,MALE,991,991.0,979,979.2479999999973
9,WEAgent16,FEMALE_YOUNG_HIGH_INCOME,51,51.0,0,0.0
9,WEAgent17,FEMALE_LOW_INCOME,2628,2628.0,0,0.0
9,WEAgent14,FEMALE_OLD_HIGH_INCOME,162,162.0,0,0.0
9,WEAgent15,MALE_YOUNG_HIGH_INCOME,103,103.0,0,0.0
9,WEAgent12,FEMALE,3026,3026.0,1673,1674.6729999999675
9,WEAgent13,YOUNG_HIGH_INCOME,309,309.0,0,0.0
9,WEAgent9,MALE_OLD,520,520.0,0,0.0
9,WEAgent10,FEMALE_LOW_INCOME,2628,2628.0,0,0.0
9,WEAgent11,OLD_HIGH_INCOME,486,486.0,0,0.0
9,WEAgent7,MALE_HIGH_INCOME,265,265.0,264,264.26400000000064
9,WEAgent8,YOUNG,2753,2753.0,0,0.0
9,WEAgent1,FEMALE_HIGH_INCOME,132,132.0,0,0.0
9,WEAgent2,MALE,2973,2973.0,0,0.0
9,WEAgent0,FEMALE_YOUNG,894,894.0,0,0.0
9,SIAgent9,YOUNG_HIGH_INCOME,309,309.0,0,0.0
9,WEAgent5,FEMALE_OLD_HIGH_INCOME,244,244.0,0,0.0
9,WEAgent6,LOW_INCOME,1602,1602.0,1601,1601.3979999999926
9,SIAgent7,MALE_YOUNG,941,941.0,341,341.0
9,WEAgent3,FEMALE,3026,3026.0,1740,1741.739999999966
9,SIAgent8,FEMALE_YOUNG_LOW_INCOME,1188,1188.0,0,0.0
9,WEAgent4,FEMALE_YOUNG_LOW_INCOME,792,792.0,0,0.0
9,SIAgent5,FEMALE_YOUNG_HIGH_INCOME,102,102.0,0,0.0
9,SIAgent6,FEMALE_YOUNG_LOW_INCOME,396,396.0,0,0.0
9,SIAgent3,FEMALE_YOUNG_LOW_INCOME,1188,1188.0,0,0.0
9,SIAgent4,FEMALE_YOUNG_HIGH_INCOME,51,51.0,0,0.0
9,SIAgent1,MALE_YOUNG,941,941.0,345,345.0
9,SIAgent2,MALE,991,991.0,1072,984.0
9,SIAgent0,MALE_YOUNG_HIGH_INCOME,103,103.0,0,0.0
10,SIAgent10,FEMALE_HIGH_INCOME,132,132.0,36,36.0
10,SIAgent11,FEMALE_YOUNG,894,894.0,87,87.0
10,SIAgent12,FEMALE_OLD_HIGH_INCOME,244,244.0,0,0.0
10,WEAgent18,YOUNG_HIGH_INCOME,309,309.0,0,0.0
10,SIAgent13,MALE,2973,2973.0,1135,1135.0
10,WEAgent19,FEMALE_OLD,561,561.0,560,560.2979999999998
10,WEAgent16,MALE_OLD_LOW_INCOME,1077,1077.0,0,0.0
10,WEAgent17,HIGH_INCOME,795,795.0,0,0.0
10,WEAgent14,YOUNG_HIGH_INCOME,463,463.0,0,0.0
10,WEAgent15,MALE_YOUNG_LOW_INCOME,734,734.0,0,0.0
10,WEAgent12,FEMALE_YOUNG_LOW_INCOME,396,396.0,0,0.0
10,WEAgent13,FEMALE_HIGH_INCOME,397,397.0,0,0.0
10,WEAgent9,FEMALE_LOW_INCOME,876,876.0,0,0.0
10,WEAgent10,MALE_YOUNG_HIGH_INCOME,310,310.0,0,0.0
10,WEAgent11,FEMALE_YOUNG_LOW_INCOME,1188,1188.0,0,0.0
10,WEAgent7,HIGH_INCOME,397,397.0,0,0.0
10,WEAgent8,YOUNG_HIGH_INCOME,463,463.0,0,0.0
10,WEAgent1,YOUNG,917,917.0,0,0.0
10,WEAgent2,FEMALE_LOW_INCOME,1752,1752.0,1752,1752.0
10,WEAgent0,MALE_LOW_INCOME,2178,2178.0,0,0.0
10,SIAgent9,FEMALE_YOUNG_LOW_INCOME,396,396.0,46,46.0
10,WEAgent5,YOUNG,917,917.0,0,0.0
10,WEAgent6,YOUNG_HIGH_INCOME,154,154.0,0,0.0
10,SIAgent7,FEMALE_OLD_HIGH_INCOME,81,81.0,0,0.0
10,WEAgent3,OLD,3246,3246.0,3206,3206.234999999996
10,SIAgent8,FEMALE,1008,1008.0,643,643.0
10,WEAgent4,MALE_OLD,1041,1041.0,0,0.0
10,SIAgent5,OLD,3246,3246.0,546,546.0
10,SIAgent6,MALE,1982,1982.0,1091,1091.0
10,SIAgent3,MALE_YOUNG_HIGH_INCOME,206,206.0,158,158.0
10,SIAgent4,FEMALE_YOUNG_HIGH_INCOME,102,102.0,54,54.0
10,SIAgent1,FEMALE_YOUNG_HIGH_INCOME,153,153.0,43,43.0
10,SIAgent2,FEMALE,1008,1008.0,637,637.0
10,SIAgent0,MALE_OLD_LOW_INCOME,359,359.0,6,6.0
11,SIAgent10,MALE_OLD,520,520.0,0,0.0
11,SIAgent11,OLD_LOW_INCOME,1678,1678.0,0,0.0
11,SIAgent12,MALE_YOUNG_LOW_INCOME,734,734.0,131,131.0
11,WEAgent18,HIGH_INCOME,1192,1192.0,0,0.0
11,SIAgent13,YOUNG,1835,1835.0,413,413.0
11,WEAgent19,LOW_INCOME,3204,3204.0,3180,3180.0
11,WEAgent16,YOUNG_LOW_INCOME,763,763.0,0,0.0
11,WEAgent17,OLD_HIGH_INCOME,729,729.0,0,0.0
11,WEAgent14,MALE_OLD_LOW_INCOME,359,359.0,0,0.0
11,WEAgent15,OLD_HIGH_INCOME,486,486.0,0,0.0
11,WEAgent12,FEMALE_LOW_INCOME,2628,2628.0,2564,2564.6479999999974
11,WEAgent13,MALE_HIGH_INCOME,530,530.0,0,0.0
11,WEAgent9,YOUNG,1835,1835.0,0,0.0
11,WEAgent10,FEMALE_YOUNG_LOW_INCOME,1188,1188.0,0,0.0
11,WEAgent11,YOUNG,1835,1835.0,0,0.0
11,WEAgent7,FEMALE,2017,2017.0,0,0.0
11,WEAgent8,OLD,2164,2164.0,1504,1505.5039999999715
11,WEAgent1,FEMALE_OLD,1123,1123.0,0,0.0
11,WEAgent2,HIGH_INCOME,1192,1192.0,0,0.0
11,WEAgent0,MALE_YOUNG_LOW_INCOME,1101,1101.0,0,0.0
11,SIAgent9,MALE_OLD_LOW_INCOME,718,718.0,0,0.0
11,WEAgent5,FEMALE_OLD_HIGH_INCOME,81,81.0,0,0.0
11,WEAgent6,MALE_YOUNG,1411,1411.0,0,0.0
11,SIAgent7,FEMALE_OLD,1123,1123.0,0,0.0
11,WEAgent3,MALE_OLD_LOW_INCOME,718,718.0,0,0.0
11,SIAgent8,FEMALE_OLD,1123,1123.0,0,0.0
11,WEAgent4,OLD,2164,2164.0,1527,1528.526999999971
11,SIAgent5,OLD_LOW_INCOME,839,839.0,0,0.0
11,SIAgent6,FEMALE_OLD,1123,1123.0,0,0.0
11,SIAgent3,YOUNG,917,917.0,418,418.0
11,SIAgent4,FEMALE_OLD_LOW_INCOME,480,480.0,0,0.0
11,SIAgent1,FEMALE_YOUNG_LOW_INCOME,396,396.0,0,0.0
11,SIAgent2,FEMALE_HIGH_INCOME,397,397.0,77,77.0
11,SIAgent0,MALE_HIGH_INCOME,530,530.0,186,186.0
12,SIAgent10,FEMALE_OLD_LOW_INCOME,960,960.0,122,122.0
12,SIAgent11,YOUNG_LOW_INCOME,2289,2289.0,513,513.0
12,SIAgent12,HIGH_INCOME,795,795.0,24,24.0
12,WEAgent18,MALE_HIGH_INCOME,265,265.0,0,0.0
12,SIAgent13,MALE_OLD_HIGH_INCOME,323,323.0,1,1.0
12,WEAgent19,FEMALE,1008,1008.0,0,0.0
12,WEAgent16,YOUNG,1835,1835.0,0,0.0
12,WEAgent17,MALE_LOW_INCOME,2178,2178.0,0,0.0
12,WEAgent14,MALE_YOUNG_LOW_INCOME,1101,1101.0,0,0.0
12,WEAgent15,FEMALE_YOUNG_LOW_INCOME,792,792.0,0,0.0
12,WEAgent12,FEMALE_YOUNG,447,447.0,0,0.0
12,WEAgent13,YOUNG,1835,1835.0,0,0.0
12,WEAgent9,FEMALE_YOUNG_LOW_INCOME,1188,1188.0,0,0.0
12,WEAgent10,OLD,1082,1082.0,0,0.0
12,WEAgent11,OLD,2164,2164.0,2163,2163.948999999981
12,WEAgent7,HIGH_INCOME,397,397.0,397,397.0
12,WEAgent8,YOUNG_LOW_INCOME,763,763.0,0,0.0
12,WEAgent1,FEMALE_OLD_HIGH_INCOME,162,162.0,0,0.0
12,WEAgent2,FEMALE_LOW_INCOME,1752,1752.0,0,0.0
12,WEAgent0,MALE_OLD,1041,1041.0,0,0.0
12,SIAgent9,MALE,1982,1982.0,620,620.0
12,WEAgent5,FEMALE,2017,2017.0,2015,2015.95299999998
12,WEAgent6,OLD_LOW_INCOME,1678,1678.0,0,0.0
12,SIAgent7,MALE_LOW_INCOME,1452,1452.0,640,640.0
12,WEAgent3,MALE_OLD_LOW_INCOME,1077,1077.0,0,0.0
12,SIAgent8,YOUNG,2753,2753.0,496,496.0
12,WEAgent4,MALE_OLD_HIGH_INCOME,161,161.0,0,0.0
12,SIAgent5,YOUNG_LOW_INCOME,2289,2289.0,472,472.0
12,SIAgent6,YOUNG_LOW_INCOME,1526,1526.0,506,506.0
12,SIAgent3,OLD,2164,2164.0,456,456.0
12,SIAgent4,OLD,1082,1082.0,465,465.0
12,SIAgent1,FEMALE_OLD,561,561.0,120,120.0
12,SIAgent2,HIGH_INCOME,795,795.0,21,21.0
12,SIAgent0,LOW_INCOME,4807,4807.0,969,969.0
13,SIAgent10,FEMALE_YOUNG_HIGH_INCOME,153,153.0,1,1.0
13,SIAgent11,FEMALE_OLD,1684,1684.0,316,316.0
13,SIAgent12,MALE_LOW_INCOME,1452,1452.0,522,522.0
13,WEAgent18,YOUNG,917,917.0,0,0.0
13,SIAgent13,LOW_INCOME,1602,1602.0,1026,1026.0
13,WEAgent19,FEMALE_HIGH_INCOME,265,265.0,0,0.0
13,WEAgent16,MALE_OLD,1561,1561.0,0,0.0
13,WEAgent17,MALE_HIGH_INCOME,795,795.0,0,0.0
13,WEAgent14,MALE_YOUNG_LOW_INCOME,1101,1101.0,0,0.0
13,WEAgent15,MALE,2973,2973.0,2909,2909.0
13,WEAgent12,FEMALE_YOUNG_HIGH_INCOME,153,153.0,0,0.0
13,WEAgent13,MALE_YOUNG_LOW_INCOME,367,367.0,0,0.0
13,WEAgent9,LOW_INCOME,1602,1602.0,0,0.0
13,WEAgent10,FEMALE,2017,2017.0,2006,2006.0
13,WEAgent11,FEMALE_YOUNG,1341,1341.0,0,0.0
13,WEAgent7,FEMALE_YOUNG_HIGH_INCOME,102,102.0,0,0.0
13,WEAgent8,FEMALE_YOUNG,447,447.0,0,0.0
13,WEAgent1,OLD,2164,2164.0,0,0.0
13,WEAgent2,MALE_YOUNG_LOW_INCOME,367,367.0,0,0.0
13,WEAgent0,FEMALE_OLD,1684,1684.0,0,0.0
13,SIAgent9,FEMALE_YOUNG,1341,1341.0,143,143.0
13,WEAgent5,MALE_OLD_HIGH_INCOME,161,161.0,0,0.0
13,WEAgent6,MALE_YOUNG,470,470.0,470,470.0
13,SIAgent7,FEMALE_OLD,1684,1684.0,348,348.0
13,WEAgent3,MALE_YOUNG_HIGH_INCOME,103,103.0,0,0.0
13,SIAgent8,FEMALE_OLD,1123,1123.0,329,329.0
13,WEAgent4,MALE_OLD_HIGH_INCOME,161,161.0,0,0.0
13,SIAgent5,OLD_LOW_INCOME,2517,2517.0,333,333.0
13,SIAgent6,MALE_OLD,1041,1041.0,27,27.0
13,SIAgent3,FEMALE,1008,1008.0,522,522.0
13,SIAgent4,OLD,2164,2164.0,400,400.0
13,SIAgent1,MALE_OLD_LOW_INCOME,1077,1077.0,21,21.0
13,SIAgent2,MALE_HIGH_INCOME,265,265.0,0,0.0
13,SIAgent0,YOUNG,1835,1835.0,627,627.0
14,SIAgent10,MALE_YOUNG_HIGH_INCOME,103,103.0,103,103.0
14,SIAgent11,FEMALE_OLD_HIGH_INCOME,244,244.0,0,0.0
14,SIAgent12,LOW_INCOME,4807,4807.0,1313,1313.0
14,WEAgent18,FEMALE_OLD_HIGH_INCOME,81,81.0,0,0.0
14,SIAgent13,MALE_LOW_INCOME,2178,2178.0,666,666.0
14,WEAgent19,OLD,3246,3246.0,3225,3225.0
14,WEAgent16,FEMALE_OLD_HIGH_INCOME,244,244.0,0,0.0
14,WEAgent17,MALE_LOW_INCOME,1452,1452.0,0,0.0
14,WEAgent14,MALE,2973,2973.0,0,0.0
14,WEAgent15,MALE_YOUNG_LOW_INCOME,734,734.0,0,0.0
14,WEAgent12,FEMALE_YOUNG_LOW_INCOME,396,396.0,396,396.0
14,WEAgent13,MALE_OLD_HIGH_INCOME,323,323.0,0,0.0
14,WEAgent9,YOUNG_LOW_INCOME,1526,1526.0,0,0.0
14,WEAgent10,FEMALE_OLD,561,561.0,0,0.0
14,WEAgent11,FEMALE_OLD_LOW_INCOME,480,480.0,0,0.0
14,WEAgent7,MALE_YOUNG_HIGH_INCOME,103,103.0,0,0.0
14,WEAgent8,FEMALE_OLD,1684,1684.0,0,0.0
14,WEAgent1,YOUNG_HIGH_INCOME,309,309.0,0,0.0
14,WEAgent2,FEMALE_LOW_INCOME,1752,1752.0,0,0.0
14,WEAgent0,YOUNG_HIGH_INCOME,309,309.0,0,0.0
14,SIAgent9,YOUNG,917,917.0,917,917.0
14,WEAgent5,MALE_YOUNG_LOW_INCOME,1101,1101.0,0,0.0
14,WEAgent6,YOUNG_LOW_INCOME,1526,1526.0,0,0.0
14,SIAgent7,MALE_OLD_LOW_INCOME,1077,1077.0,256,256.0
14,WEAgent3,MALE_LOW_INCOME,726,726.0,0,0.0
14,SIAgent8,OLD_LOW_INCOME,839,839.0,359,359.0
14,WEAgent4,MALE_YOUNG_HIGH_INCOME,206,206.0,0,0.0
14,SIAgent5,MALE_LOW_INCOME,1452,1452.0,630,630.0
14,SIAgent6,YOUNG_HIGH_INCOME,463,463.0,239,239.0
14,SIAgent3,OLD,2164,2164.0,360,360.0
14,SIAgent4,FEMALE_OLD_LOW_INCOME,1440,1440.0,105,105.0
14,SIAgent1,MALE_OLD,1561,1561.0,257,257.0
14,SIAgent2,MALE_OLD_HIGH_INCOME,484,484.0,5,5.0
14,SIAgent0,YOUNG,2753,2753.0,1169,1169.0
15,SIAgent10,FEMALE_YOUNG,894,894.0,648,648.0
15,SIAgent11,MALE_OLD_HIGH_INCOME,484,484.0,0,0.0
15,SIAgent12,FEMALE_OLD_HIGH_INCOME,81,81.0,6,6.0
15,WEAgent18,YOUNG_HIGH_INCOME,463,463.0,0,0.0
15,SIAgent13,MALE_HIGH_INCOME,265,265.0,2,2.0
15,WEAgent19,FEMALE_OLD_HIGH_INCOME,162,162.0,0,0.0
15,WEAgent16,FEMALE_YOUNG,894,894.0,894,894.0
15,WEAgent17,HIGH_INCOME,397,397.0,0,0.0
15,WEAgent14,OLD_LOW_INCOME,839,839.0,0,0.0
15,WEAgent15,MALE_OLD_LOW_INCOME,718,718.0,0,0.0
15,WEAgent12,MALE_OLD_LOW_INCOME,1077,1077.0,0,0.0
15,WEAgent13,LOW_INCOME,1602,1602.0,1568,1569.1189999999806
15,WEAgent9,YOUNG_HIGH_INCOME,309,309.0,0,0.0
15,WEAgent10,MALE_OLD_LOW_INCOME,359,359.0,0,0.0
15,WEAgent11,FEMALE_OLD_LOW_INCOME,480,480.0,0,0.0
15,WEAgent7,FEMALE_OLD_LOW_INCOME,1440,1440.0,0,0.0
15,WEAgent8,MALE_YOUNG,941,941.0,940,940.1680000000006
15,WEAgent1,MALE_YOUNG_HIGH_INCOME,103,103.0,0,0.0
15,WEAgent2,MALE_OLD,1561,1561.0,0,0.0
15,WEAgent0,MALE_OLD_HIGH_INCOME,484,484.0,0,0.0
15,SIAgent9,MALE_LOW_INCOME,1452,1452.0,777,777.0
15,WEAgent5,MALE_HIGH_INCOME,530,530.0,0,0.0
15,WEAgent6,MALE_OLD_HIGH_INCOME,161,161.0,0,0.0
15,SIAgent7,FEMALE_OLD,1123,1123.0,1,1.0
15,WEAgent3,OLD,2164,2164.0,2128,2128.948999999981
15,SIAgent8,FEMALE_YOUNG_LOW_INCOME,792,792.0,665,665.0
15,WEAgent4,FEMALE_YOUNG_HIGH_INCOME,51,51.0,0,0.0
15,SIAgent5,FEMALE_OLD_HIGH_INCOME,244,244.0,2,2.0
15,SIAgent6,MALE_OLD,520,520.0,462,462.0
15,SIAgent3,HIGH_INCOME,795,795.0,6,6.0
15,SIAgent4,MALE_HIGH_INCOME,530,530.0,3,3.0
15,SIAgent1,MALE_LOW_INCOME,2178,2178.0,786,786.0
15,SIAgent2,MALE_YOUNG,470,470.0,325,325.0
15,SIAgent0,MALE,1982,1982.0,787,787.0
16,SIAgent10,MALE_HIGH_INCOME,795,795.0,177,177.0
16,SIAgent11,MALE_HIGH_INCOME,530,530.0,213,213.0
16,SIAgent12,FEMALE,1008,1008.0,467,467.0
16,WEAgent18,YOUNG,1835,1835.0,0,0.0
16,SIAgent13,HIGH_INCOME,795,795.0,207,207.0
16,WEAgent19,HIGH_INCOME,795,795.0,0,0.0
16,WEAgent16,YOUNG_HIGH_INCOME,463,463.0,0,0.0
16,WEAgent17,HIGH_INCOME,397,397.0,0,0.0
16,WEAgent14,YOUNG_LOW_INCOME,763,763.0,0,0.0
16,WEAgent15,MALE_OLD_HIGH_INCOME,484,484.0,0,0.0
16,WEAgent12,HIGH_INCOME,397,397.0,0,0.0
16,WEAgent13,OLD_LOW_INCOME,1678,1678.0,0,0.0
16,WEAgent9,FEMALE_HIGH_INCOME,132,132.0,0,0.0
16,WEAgent10,OLD,1082,1082.0,0,0.0
16,WEAgent11,FEMALE_HIGH_INCOME,397,397.0,0,0.0
16,WEAgent7,MALE_YOUNG_LOW_INCOME,734,734.0,0,0.0
16,WEAgent8,FEMALE_OLD_LOW_INCOME,1440,1440.0,0,0.0
16,WEAgent1,FEMALE_OLD,1123,1123.0,0,0.0
16,WEAgent2,FEMALE_LOW_INCOME,1752,1752.0,0,0.0
16,WEAgent0,FEMALE,2017,2017.0,0,0.0
16,SIAgent9,FEMALE_OLD,1684,1684.0,227,227.0
16,WEAgent5,FEMALE,3026,3026.0,2999,2999.0
16,WEAgent6,MALE_OLD_HIGH_INCOME,323,323.0,0,0.0
16,SIAgent7,FEMALE_YOUNG,447,447.0,248,248.0
16,WEAgent3,MALE_YOUNG,470,470.0,0,0.0
16,SIAgent8,MALE_YOUNG_HIGH_INCOME,206,206.0,71,71.0
16,WEAgent4,YOUNG_LOW_INCOME,2289,2289.0,0,0.0
16,SIAgent5,YOUNG_LOW_INCOME,763,763.0,763,763.0
16,SIAgent6,HIGH_INCOME,1192,1192.0,210,210.0
16,SIAgent3,MALE,991,991.0,991,991.0
16,SIAgent4,HIGH_INCOME,795,795.0,215,215.0
16,SIAgent1,MALE_YOUNG,470,470.0,470,470.0
16,SIAgent2,FEMALE,2017,2017.0,464,464.0
16,SIAgent0,LOW_INCOME,4807,4807.0,2278,1561.0
17,SIAgent10,OLD_LOW_INCOME,2517,2517.0,645,645.0
17,SIAgent11,HIGH_INCOME,1192,1192.0,166,166.0
17,SIAgent12,LOW_INCOME,3204,3204.0,1272,1272.0
17,WEAgent18,FEMALE,3026,3026.0,0,0.0
17,SIAgent13,MALE_OLD_HIGH_INCOME,484,484.0,172,172.0
17,WEAgent19,YOUNG_LOW_INCOME,763,763.0,0,0.0
17,WEAgent16,FEMALE_OLD_LOW_INCOME,960,960.0,0,0.0
17,WEAgent17,FEMALE_OLD_LOW_INCOME,1440,1440.0,0,0.0
17,WEAgent14,YOUNG_LOW_INCOME,763,763.0,0,0.0
17,WEAgent15,MALE_YOUNG_LOW_INCOME,734,734.0,0,0.0
17,WEAgent12,FEMALE_YOUNG,447,447.0,0,0.0
17,WEAgent13,OLD_LOW_INCOME,839,839.0,0,0.0
17,WEAgent9,YOUNG_HIGH_INCOME,463,463.0,0,0.0
17,WEAgent10,OLD_LOW_INCOME,2517,2517.0,0,0.0
17,WEAgent11,FEMALE_OLD_HIGH_INCOME,81,81.0,0,0.0
17,WEAgent7,MALE_LOW_INCOME,1452,1452.0,0,0.0
17,WEAgent8,FEMALE_OLD_HIGH_INCOME,162,162.0,0,0.0
17,WEAgent1,FEMALE_YOUNG_LOW_INCOME,1188,1188.0,0,0.0
17,WEAgent2,HIGH_INCOME,1192,1192.0,1159,1159.0
17,WEAgent0,FEMALE_OLD_HIGH_INCOME,162,162.0,0,0.0
17,SIAgent9,YOUNG_LOW_INCOME,1526,1526.0,605,605.0
17,WEAgent5,FEMALE_HIGH_INCOME,132,132.0,0,0.0
17,WEAgent6,MALE_YOUNG,941,941.0,0,0.0
17,SIAgent7,LOW_INCOME,1602,1602.0,1345,1345.0
17,WEAgent3,MALE_YOUNG,941,941.0,0,0.0
17,SIAgent8,FEMALE_OLD,1123,1123.0,405,405.0
17,WEAgent4,OLD_LOW_INCOME,1678,1678.0,0,0.0
17,SIAgent5,LOW_INCOME,3204,3204.0,1300,1300.0
17,SIAgent6,YOUNG,1835,1835.0,651,651.0
17,SIAgent3,FEMALE_YOUNG,447,447.0,358,358.0
17,SIAgent4,MALE_OLD_LOW_INCOME,1077,1077.0,231,231.0
17,SIAgent1,OLD,1082,1082.0,799,799.0
17,SIAgent2,MALE,991,991.0,714,714.0
17,SIAgent0,HIGH_INCOME,397,397.0,178,178.0
18,SIAgent10,FEMALE_LOW_INCOME,2628,2628.0,1162,1162.0
18,SIAgent11,FEMALE_OLD_LOW_INCOME,960,960.0,453,453.0
18,SIAgent12,FEMALE_OLD_HIGH_INCOME,244,244.0,0,0.0
18,WEAgent18,OLD_HIGH_INCOME,729,729.0,0,0.0
18,SIAgent13,MALE_LOW_INCOME,1452,1452.0,442,442.0
18,WEAgent19,FEMALE_YOUNG_LOW_INCOME,1188,1188.0,0,0.0
18,WEAgent16,FEMALE,1008,1008.0,1002,1002.0
18,WEAgent17,YOUNG,917,917.0,0,0.0
18,WEAgent14,FEMALE_YOUNG_HIGH_INCOME,153,153.0,0,0.0
18,WEAgent15,MALE_YOUNG,1411,1411.0,0,0.0
18,WEAgent12,FEMALE_YOUNG_LOW_INCOME,792,792.0,0,0.0
18,WEAgent13,MALE_LOW_INCOME,1452,1452.0,0,0.0
18,WEAgent9,FEMALE_YOUNG_LOW_INCOME,1188,1188.0,0,0.0
18,WEAgent10,MALE_YOUNG_HIGH_INCOME,103,103.0,0,0.0
18,WEAgent11,MALE_LOW_INCOME,1452,1452.0,0,0.0
18,WEAgent7,FEMALE_OLD_HIGH_INCOME,244,244.0,0,0.0
18,WEAgent8,FEMALE_OLD_LOW_INCOME,480,480.0,0,0.0
18,WEAgent1,FEMALE_YOUNG,894,894.0,0,0.0
18,WEAgent2,FEMALE_OLD_LOW_INCOME,480,480.0,0,0.0
18,WEAgent0,FEMALE_OLD_LOW_INCOME,480,480.0,0,0.0
18,SIAgent9,FEMALE,1008,1008.0,1008,1008.0
18,WEAgent5,FEMALE_YOUNG,1341,1341.0,0,0.0
18,WEAgent6,MALE_YOUNG_LOW_INCOME,734,734.0,0,0.0
18,SIAgent7,MALE_YOUNG,470,470.0,211,211.0
18,WEAgent3,YOUNG,1835,1835.0,1843,1818.0
18,SIAgent8,YOUNG_LOW_INCOME,1526,1526.0,732,732.0
18,WEAgent4,MALE_YOUNG_LOW_INCOME,367,367.0,0,0.0
18,SIAgent5,MALE,1982,1982.0,1160,852.0
18,SIAgent6,OLD_LOW_INCOME,839,839.0,831,831.0
18,SIAgent3,FEMALE_OLD_HIGH_INCOME,162,162.0,0,0.0
18,SIAgent4,FEMALE_OLD_HIGH_INCOME,81,81.0,0,0.0
18,SIAgent1,MALE_OLD,520,520.0,520,520.0
18,SIAgent2,MALE_YOUNG,1411,1411.0,205,205.0
18,SIAgent0,MALE_LOW_INCOME,1452,1452.0,431,431.0
19,SIAgent10,MALE_YOUNG_HIGH_INCOME,310,310.0,0,0.0
19,SIAgent11,MALE_HIGH_INCOME,530,530.0,38,38.0
19,SIAgent12,MALE_YOUNG,1411,1411.0,1,1.0
19,WEAgent18,FEMALE_YOUNG_LOW_INCOME,1188,1188.0,0,0.0
19,SIAgent13,FEMALE,2017,2017.0,0,0.0
19,WEAgent19,FEMALE_OLD_HIGH_INCOME,81,81.0,0,0.0
19,WEAgent16,MALE_YOUNG,1411,1411.0,0,0.0
19,WEAgent17,HIGH_INCOME,1192,1192.0,1192,1192.0
19,WEAgent14,MALE_OLD,1041,1041.0,0,0.0
19,WEAgent15,MALE_OLD_HIGH_INCOME,161,161.0,0,0.0
19,WEAgent12,FEMALE,3026,3026.0,1751,1752.7509999999656
19,WEAgent13,FEMALE_OLD_LOW_INCOME,1440,1440.0,0,0.0
19,WEAgent9,YOUNG_HIGH_INCOME,154,154.0,0,0.0
19,WEAgent10,FEMALE_YOUNG,447,447.0,0,0.0
19,WEAgent11,FEMALE_HIGH_INCOME,397,397.0,0,0.0
19,WEAgent7,LOW_INCOME,4807,4807.0,2347,2349.34700000002
19,WEAgent8,MALE_YOUNG_HIGH_INCOME,310,310.0,0,0.0
19,WEAgent1,FEMALE_OLD,1123,1123.0,0,0.0
19,WEAgent2,MALE_YOUNG_HIGH_INCOME,206,206.0,0,0.0
19,WEAgent0,LOW_INCOME,4807,4807.0,2265,2267.2650000000035
19,SIAgent9,HIGH_INCOME,397,397.0,30,30.0
19,WEAgent5,YOUNG_LOW_INCOME,763,763.0,0,0.0
19,WEAgent6,FEMALE_OLD,561,561.0,560,560.5599999999937
19,SIAgent7,FEMALE_OLD,561,561.0,0,0.0
19,WEAgent3,MALE_OLD,520,520.0,0,0.0
19,SIAgent8,MALE_YOUNG_HIGH_INCOME,310,310.0,0,0.0
19,WEAgent4,FEMALE,3026,3026.0,1737,1738.736999999966
19,SIAgent5,MALE_OLD,520,520.0,39,39.0
19,SIAgent6,FEMALE_LOW_INCOME,2628,2628.0,0,0.0
19,SIAgent3,MALE_YOUNG_LOW_INCOME,367,367.0,0,0.0
19,SIAgent4,FEMALE,3026,3026.0,0,0.0
19,SIAgent1,HIGH_INCOME,1192,1192.0,39,39.0
19,SIAgent2,FEMALE_LOW_INCOME,1752,1752.0,0,0.0
19,SIAgent0,MALE_YOUNG_HIGH_INCOME,310,310.0,1,1.0
20,SIAgent10,FEMALE_HIGH_INCOME,265,265.0,0,0.0
20,SIAgent11,FEMALE_LOW_INCOME,2628,2628.0,172,172.0
20,SIAgent12,OLD_LOW_INCOME,2517,2517.0,513,513.0
20,WEAgent18,FEMALE_YOUNG_LOW_INCOME,792,792.0,791,791.7909999999882
20,SIAgent13,LOW_INCOME,4807,4807.0,1109,1109.0
20,WEAgent19,YOUNG_LOW_INCOME,2289,2289.0,0,0.0
20,WEAgent16,FEMALE_OLD_HIGH_INCOME,81,81.0,0,0.0
20,WEAgent17,FEMALE_YOUNG_HIGH_INCOME,51,51.0,0,0.0
20,WEAgent14,HIGH_INCOME,397,397.0,375,375.14000000000044
20,WEAgent15,MALE_YOUNG_HIGH_INCOME,206,206.0,205,205.13200000000026
20,WEAgent12,MALE,1982,1982.0,0,0.0
20,WEAgent13,FEMALE_YOUNG_LOW_INCOME,1188,1188.0,0,0.0
20,WEAgent9,MALE_OLD,520,520.0,0,0.0
20,WEAgent10,OLD_LOW_INCOME,2517,2517.0,0,0.0
20,WEAgent11,FEMALE_YOUNG_LOW_INCOME,792,792.0,791,791.7469999999893
20,WEAgent7,YOUNG_LOW_INCOME,763,763.0,0,0.0
20,WEAgent8,MALE_OLD_HIGH_INCOME,484,484.0,0,0.0
20,WEAgent1,OLD_HIGH_INCOME,729,729.0,0,0.0
20,WEAgent2,HIGH_INCOME,795,795.0,0,0.0
20,WEAgent0,HIGH_INCOME,795,795.0,0,0.0
20,SIAgent9,FEMALE_OLD_LOW_INCOME,960,960.0,62,62.0
20,WEAgent5,HIGH_INCOME,1192,1192.0,0,0.0
20,WEAgent6,OLD,1082,1082.0,0,0.0
20,SIAgent7,MALE_YOUNG_HIGH_INCOME,206,206.0,100,100.0
20,WEAgent3,OLD_LOW_INCOME,1678,1678.0,0,0.0
20,SIAgent8,YOUNG_LOW_INCOME,2289,2289.0,613,613.0
20,WEAgent4,OLD,3246,3246.0,3228,3228.0
20,SIAgent5,FEMALE_OLD,561,561.0,57,57.0
20,SIAgent6,FEMALE_OLD_LOW_INCOME,480,480.0,47,47.0
20,SIAgent3,FEMALE_OLD,1684,1684.0,53,53.0
20,SIAgent4,MALE,1982,1982.0,948,938.0
20,SIAgent1,FEMALE_YOUNG_HIGH_INCOME,51,51.0,0,0.0
20,SIAgent2,FEMALE_OLD_HIGH_INCOME,81,81.0,0,0.0
20,SIAgent0,MALE_LOW_INCOME,1452,1452.0,936,936.0
21,SIAgent10,MALE_OLD_LOW_INCOME,359,359.0,355,355.0
21,SIAgent11,FEMALE_OLD_LOW_INCOME,960,960.0,166,166.0
21,SIAgent12,FEMALE_LOW_INCOME,1752,1752.0,327,327.0
21,WEAgent18,OLD_HIGH_INCOME,486,486.0,0,0.0
21,SIAgent13,MALE,1982,1982.0,1172,1172.0
21,WEAgent19,MALE_LOW_INCOME,2178,2178.0,0,0.0
21,WEAgent16,MALE_HIGH_INCOME,265,265.0,0,0.0
21,WEAgent17,OLD_LOW_INCOME,2517,2517.0,0,0.0
21,WEAgent14,FEMALE_YOUNG_LOW_INCOME,1188,1188.0,0,0.0
21,WEAgent15,FEMALE_YOUNG_LOW_INCOME,792,792.0,0,0.0
21,WEAgent12,MALE,991,991.0,0,0.0
21,WEAgent13,MALE_LOW_INCOME,2178,2178.0,0,0.0
21,WEAgent9,MALE_LOW_INCOME,2178,2178.0,0,0.0
21,WEAgent10,FEMALE_OLD_HIGH_INCOME,81,81.0,0,0.0
21,WEAgent11,FEMALE_LOW_INCOME,1752,1752.0,1751,1751.464999999991
21,WEAgent7,FEMALE_YOUNG_LOW_INCOME,396,396.0,0,0.0
21,WEAgent8,YOUNG,1835,1835.0,1814,1814.4809999999927
21,WEAgent1,FEMALE_YOUNG,1341,1341.0,0,0.0
21,WEAgent2,MALE_LOW_INCOME,1452,1452.0,0,0.0
21,WEAgent0,MALE_YOUNG_LOW_INCOME,734,734.0,0,0.0
21,SIAgent9,MALE_OLD,1041,1041.0,520,520.0
21,WEAgent5,FEMALE_OLD_LOW_INCOME,1440,1440.0,0,0.0
21,WEAgent6,FEMALE_HIGH_INCOME,265,265.0,0,0.0
21,SIAgent7,FEMALE,1008,1008.0,463,463.0
21,WEAgent3,FEMALE_YOUNG,447,447.0,0,0.0
21,SIAgent8,MALE_HIGH_INCOME,530,530.0,165,165.0
21,WEAgent4,FEMALE_YOUNG_HIGH_INCOME,51,51.0,0,0.0
21,SIAgent5,OLD,3246,3246.0,868,868.0
21,SIAgent6,MALE_HIGH_INCOME,530,530.0,138,138.0
21,SIAgent3,FEMALE_OLD,561,561.0,332,332.0
21,SIAgent4,FEMALE_OLD_LOW_INCOME,1440,1440.0,187,187.0
21,SIAgent1,YOUNG_LOW_INCOME,2289,2289.0,878,878.0
21,SIAgent2,MALE_OLD_HIGH_INCOME,161,161.0,138,138.0
21,SIAgent0,MALE_LOW_INCOME,726,726.0,726,726.0
22,SIAgent10,FEMALE_YOUNG,447,447.0,95,95.0
22,SIAgent11,LOW_INCOME,1602,1602.0,89,89.0
22,SIAgent12,MALE_OLD_HIGH_INCOME,323,323.0,0,0.0
22,WEAgent18,YOUNG_HIGH_INCOME,463,463.0,0,0.0
22,SIAgent13,YOUNG_HIGH_INCOME,463,463.0,134,134.0
22,WEAgent19,MALE_YOUNG_HIGH_INCOME,310,310.0,0,0.0
22,WEAgent16,FEMALE,3026,3026.0,0,0.0
22,WEAgent17,LOW_INCOME,4807,4807.0,4778,4778.332999999993
22,WEAgent14,FEMALE_YOUNG_LOW_INCOME,792,792.0,0,0.0
22,WEAgent15,FEMALE,1008,1008.0,974,974.7519999999886
22,WEAgent12,FEMALE,2017,2017.0,0,0.0
22,WEAgent13,FEMALE_OLD_HIGH_INCOME,162,162.0,0,0.0
22,WEAgent9,FEMALE_OLD_LOW_INCOME,480,480.0,0,0.0
22,WEAgent10,FEMALE_YOUNG,894,894.0,0,0.0
22,WEAgent11,MALE_OLD_LOW_INCOME,1077,1077.0,0,0.0
22,WEAgent7,FEMALE_OLD_LOW_INCOME,480,480.0,0,0.0
22,WEAgent8,FEMALE_HIGH_INCOME,397,397.0,0,0.0
22,WEAgent1,FEMALE_YOUNG,894,894.0,0,0.0
22,WEAgent2,FEMALE_OLD_HIGH_INCOME,81,81.0,0,0.0
22,WEAgent0,MALE_OLD_LOW_INCOME,718,718.0,0,0.0
22,SIAgent9,FEMALE_LOW_INCOME,2628,2628.0,103,103.0
22,WEAgent5,MALE_LOW_INCOME,726,726.0,0,0.0
22,WEAgent6,MALE_YOUNG_LOW_INCOME,1101,1101.0,0,0.0
22,SIAgent7,FEMALE_LOW_INCOME,1752,1752.0,102,102.0
22,WEAgent3,MALE_YOUNG_HIGH_INCOME,310,310.0,0,0.0
22,SIAgent8,YOUNG,917,917.0,207,207.0
22,WEAgent4,OLD,3246,3246.0,3245,3245.4029999999943
22,SIAgent5,MALE_OLD_HIGH_INCOME,484,484.0,1,1.0
22,SIAgent6,HIGH_INCOME,1192,1192.0,137,137.0
22,SIAgent3,OLD_HIGH_INCOME,486,486.0,3,3.0
22,SIAgent4,MALE_OLD_HIGH_INCOME,161,161.0,0,0.0
22,SIAgent1,MALE,991,991.0,126,126.0
22,SIAgent2,OLD_HIGH_INCOME,729,729.0,6,6.0
22,SIAgent0,MALE_YOUNG_LOW_INCOME,367,367.0,0,0.0
23,SIAgent10,MALE_YOUNG_HIGH_INCOME,206,206.0,122,122.0
23,SIAgent11,HIGH_INCOME,1192,1192.0,679,679.0
23,SIAgent12,FEMALE,3026,3026.0,519,519.0
23,WEAgent18,MALE_OLD_LOW_INCOME,718,718.0,0,0.0
23,SIAgent13,MALE_YOUNG_LOW_INCOME,367,367.0,0,0.0
23,WEAgent19,MALE_OLD_HIGH_INCOME,484,484.0,0,0.0
23,WEAgent16,LOW_INCOME,4807,4807.0,2818,2820.818000000116
23,WEAgent17,FEMALE_OLD,1684,1684.0,0,0.0
23,WEAgent14,YOUNG_LOW_INCOME,2289,2289.0,0,0.0
23,WEAgent15,FEMALE_OLD_LOW_INCOME,480,480.0,0,0.0
23,WEAgent12,HIGH_INCOME,397,397.0,0,0.0
23,WEAgent13,YOUNG,1835,1835.0,0,0.0
23,WEAgent9,FEMALE_YOUNG_HIGH_INCOME,102,102.0,0,0.0
23,WEAgent10,MALE_YOUNG_LOW_INCOME,367,367.0,0,0.0
23,WEAgent11,OLD_HIGH_INCOME,729,729.0,0,0.0
23,WEAgent7,MALE_OLD_LOW_INCOME,1077,1077.0,0,0.0
23,WEAgent8,MALE_OLD,1041,1041.0,0,0.0
23,WEAgent1,MALE_LOW_INCOME,726,726.0,0,0.0
23,WEAgent2,YOUNG_HIGH_INCOME,309,309.0,0,0.0
23,WEAgent0,MALE_OLD_HIGH_INCOME,484,484.0,0,0.0
23,SIAgent9,FEMALE,3026,3026.0,540,540.0
23,WEAgent5,FEMALE_HIGH_INCOME,265,265.0,0,0.0
23,WEAgent6,MALE,991,991.0,0,0.0
23,SIAgent7,YOUNG_HIGH_INCOME,463,463.0,166,166.0
23,WEAgent3,MALE_YOUNG_LOW_INCOME,367,367.0,0,0.0
23,SIAgent8,MALE,991,991.0,566,566.0
23,WEAgent4,LOW_INCOME,4807,4807.0,2828,2830.828000000118
23,SIAgent5,YOUNG_LOW_INCOME,763,763.0,0,0.0
23,SIAgent6,FEMALE_LOW_INCOME,2628,2628.0,415,415.0
23,SIAgent3,FEMALE_YOUNG_HIGH_INCOME,51,51.0,51,51.0
23,SIAgent4,FEMALE_OLD_LOW_INCOME,480,480.0,399,399.0
23,SIAgent1,FEMALE_OLD,1684,1684.0,461,461.0
23,SIAgent2,FEMALE_OLD,561,561.0,436,436.0
23,SIAgent0,YOUNG_LOW_INCOME,1526,1526.0,0,0.0
24,SIAgent10,FEMALE_YOUNG_HIGH_INCOME,51,51.0,36,36.0
24,SIAgent11,LOW_INCOME,1602,1602.0,1328,1328.0
24,SIAgent12,YOUNG_HIGH_INCOME,463,463.0,156,156.0
24,WEAgent18,FEMALE_OLD,1123,1123.0,0,0.0
24,SIAgent13,MALE_OLD_HIGH_INCOME,161,161.0,1,1.0
24,WEAgent19,MALE_LOW_INCOME,726,726.0,0,0.0
24,WEAgent16,MALE_YOUNG_HIGH_INCOME,103,103.0,0,0.0
24,WEAgent17,FEMALE_OLD_HIGH_INCOME,162,162.0,0,0.0
24,WEAgent14,YOUNG,2753,2753.0,0,0.0
24,WEAgent15,HIGH_INCOME,397,397.0,0,0.0
24,WEAgent12,FEMALE_OLD_LOW_INCOME,480,480.0,479,479.47899999999555
24,WEAgent13,FEMALE_OLD_LOW_INCOME,480,480.0,479,479.47899999999555
24,WEAgent9,MALE_OLD_HIGH_INCOME,484,484.0,0,0.0
24,WEAgent10,OLD,1082,1082.0,0,0.0
24,WEAgent11,MALE_HIGH_INCOME,265,265.0,0,0.0
24,WEAgent7,MALE_LOW_INCOME,2178,2178.0,0,0.0
24,WEAgent8,FEMALE_OLD,1684,1684.0,0,0.0
24,WEAgent1,MALE_OLD_LOW_INCOME,1077,1077.0,0,0.0
24,WEAgent2,FEMALE_YOUNG_LOW_INCOME,1188,1188.0,0,0.0
24,WEAgent0,OLD_HIGH_INCOME,243,243.0,0,0.0
24,SIAgent9,FEMALE_OLD_LOW_INCOME,480,480.0,127,127.0
24,WEAgent5,OLD,2164,2164.0,2147,2147.4409999999925
24,WEAgent6,FEMALE_OLD_HIGH_INCOME,244,244.0,0,0.0
24,SIAgent7,YOUNG,1835,1835.0,885,885.0
24,WEAgent3,FEMALE_OLD_LOW_INCOME,960,960.0,0,0.0
24,SIAgent8,OLD_HIGH_INCOME,729,729.0,0,0.0
24,WEAgent4,FEMALE_OLD_HIGH_INCOME,244,244.0,0,0.0
24,SIAgent5,YOUNG_HIGH_INCOME,309,309.0,138,138.0
24,SIAgent6,LOW_INCOME,3204,3204.0,1374,1374.0
24,SIAgent3,LOW_INCOME,3204,3204.0,1358,1358.0
24,SIAgent4,FEMALE_YOUNG,447,447.0,447,447.0
24,SIAgent1,MALE_OLD_HIGH_INCOME,323,323.0,1,1.0
24,SIAgent2,HIGH_INCOME,397,397.0,139,139.0
24,SIAgent0,MALE,1982,1982.0,905,905.0
25,SIAgent10,OLD,3246,3246.0,119,119.0
25,SIAgent11,FEMALE_OLD_HIGH_INCOME,81,81.0,0,0.0
25,SIAgent12,YOUNG,1835,1835.0,276,276.0
25,WEAgent18,LOW_INCOME,4807,4807.0,4782,4782.0
25,SIAgent13,FEMALE_LOW_INCOME,876,876.0,221,221.0
25,WEAgent19,MALE_YOUNG,470,470.0,0,0.0
25,WEAgent16,MALE_YOUNG_LOW_INCOME,1101,1101.0,0,0.0
25,WEAgent17,MALE_HIGH_INCOME,265,265.0,0,0.0
25,WEAgent14,FEMALE_YOUNG,447,447.0,0,0.0
25,WEAgent15,FEMALE_OLD_LOW_INCOME,480,480.0,0,0.0
25,WEAgent12,YOUNG_LOW_INCOME,2289,2289.0,0,0.0
25,WEAgent13,YOUNG,1835,1835.0,0,0.0
25,WEAgent9,OLD,3246,3246.0,3231,3231.0
25,WEAgent10,OLD_LOW_INCOME,2517,2517.0,0,0.0
25,WEAgent11,FEMALE_OLD_HIGH_INCOME,162,162.0,0,0.0
25,WEAgent7,MALE_YOUNG,470,470.0,0,0.0
25,WEAgent8,FEMALE_YOUNG_HIGH_INCOME,153,153.0,0,0.0
25,WEAgent1,LOW_INCOME,1602,1602.0,0,0.0
25,WEAgent2,YOUNG,2753,2753.0,0,0.0
25,WEAgent0,FEMALE_OLD_LOW_INCOME,960,960.0,0,0.0
25,SIAgent9,FEMALE_HIGH_INCOME,132,132.0,41,41.0
25,WEAgent5,YOUNG_HIGH_INCOME,309,309.0,0,0.0
25,WEAgent6,FEMALE,3026,3026.0,0,0.0
25,SIAgent7,FEMALE_LOW_INCOME,1752,1752.0,201,201.0
25,WEAgent3,HIGH_INCOME,397,397.0,0,0.0
25,SIAgent8,HIGH_INCOME,397,397.0,173,173.0
25,WEAgent4,FEMALE_YOUNG,1341,1341.0,0,0.0
25,SIAgent5,MALE_OLD_HIGH_INCOME,484,484.0,5,5.0
25,SIAgent6,YOUNG,917,917.0,293,293.0
25,SIAgent3,FEMALE_YOUNG,447,447.0,127,127.0
25,SIAgent4,YOUNG,917,917.0,308,308.0
25,SIAgent1,OLD_LOW_INCOME,2517,2517.0,100,100.0
25,SIAgent2,FEMALE_YOUNG_LOW_INCOME,1188,1188.0,116,116.0
25,SIAgent0,MALE_LOW_INCOME,726,726.0,7,7.0
26,SIAgent10,FEMALE_LOW_INCOME,1752,1752.0,292,292.0
26,SIAgent11,FEMALE_OLD,561,561.0,0,0.0
26,SIAgent12,YOUNG_HIGH_INCOME,154,154.0,154,154.0
26,WEAgent18,MALE_HIGH_INCOME,530,530.0,0,0.0
26,SIAgent13,MALE_OLD_HIGH_INCOME,323,323.0,15,15.0
26,WEAgent19,FEMALE_OLD,1684,1684.0,0,0.0
26,WEAgent16,FEMALE_YOUNG,1341,1341.0,0,0.0
26,WEAgent17,OLD_LOW_INCOME,1678,1678.0,0,0.0
26,WEAgent14,FEMALE_OLD_HIGH_INCOME,81,81.0,0,0.0
26,WEAgent15,OLD_HIGH_INCOME,729,729.0,0,0.0
26,WEAgent12,MALE_LOW_INCOME,726,726.0,0,0.0
26,WEAgent13,YOUNG_HIGH_INCOME,463,463.0,463,463.0
26,WEAgent9,FEMALE_YOUNG_HIGH_INCOME,51,51.0,0,0.0
26,WEAgent10,OLD,3246,3246.0,3165,3165.2349999999965
26,WEAgent11,FEMALE_OLD_HIGH_INCOME,162,162.0,0,0.0
26,WEAgent7,MALE_LOW_INCOME,1452,1452.0,0,0.0
26,WEAgent8,OLD,2164,2164.0,2140,2140.2110000000007
26,WEAgent1,MALE_LOW_INCOME,1452,1452.0,0,0.0
26,WEAgent2,MALE_OLD_HIGH_INCOME,323,323.0,0,0.0
26,WEAgent0,HIGH_INCOME,397,397.0,0,0.0
26,SIAgent9,FEMALE_YOUNG,447,447.0,287,287.0
26,WEAgent5,MALE_HIGH_INCOME,265,265.0,0,0.0
26,WEAgent6,MALE_YOUNG_LOW_INCOME,734,734.0,0,0.0
26,SIAgent7,FEMALE_OLD,1123,1123.0,0,0.0
26,WEAgent3,FEMALE_OLD_LOW_INCOME,960,960.0,0,0.0
26,SIAgent8,MALE_YOUNG_HIGH_INCOME,310,310.0,160,136.0
26,WEAgent4,FEMALE_YOUNG,447,447.0,447,447.0
26,SIAgent5,FEMALE_LOW_INCOME,1752,1752.0,294,294.0
26,SIAgent6,MALE_OLD_HIGH_INCOME,161,161.0,27,27.0
26,SIAgent3,MALE_OLD_LOW_INCOME,359,359.0,0,0.0
26,SIAgent4,FEMALE_YOUNG,894,894.0,342,342.0
26,SIAgent1,MALE_OLD,1561,1561.0,18,18.0
26,SIAgent2,MALE_LOW_INCOME,2178,2178.0,946,946.0
26,SIAgent0,LOW_INCOME,3204,3204.0,1250,1250.0
27,SIAgent10,MALE_YOUNG,941,941.0,80,80.0
27,SIAgent11,MALE_HIGH_INCOME,795,795.0,194,194.0
27,SIAgent12,OLD_LOW_INCOME,1678,1678.0,1948,1177.0
27,WEAgent18,MALE_HIGH_INCOME,265,265.0,0,0.0
27,SIAgent13,FEMALE_LOW_INCOME,876,876.0,876,876.0
27,WEAgent19,FEMALE_OLD_LOW_INCOME,960,960.0,0,0.0
27,WEAgent16,OLD_LOW_INCOME,839,839.0,0,0.0
27,WEAgent17,FEMALE_YOUNG,447,447.0,446,446.44599999999633
27,WEAgent14,MALE_OLD,1041,1041.0,0,0.0
27,WEAgent15,MALE_YOUNG_LOW_INCOME,1101,1101.0,1089,1089.7039999999902
27,WEAgent12,MALE_HIGH_INCOME,530,530.0,0,0.0
27,WEAgent13,MALE_YOUNG_LOW_INCOME,734,734.0,733,733.7329999999896
27,WEAgent9,FEMALE_OLD_LOW_INCOME,1440,1440.0,0,0.0
27,WEAgent10,MALE_YOUNG_HIGH_INCOME,206,206.0,0,0.0
27,WEAgent11,HIGH_INCOME,795,795.0,0,0.0
27,WEAgent7,MALE_OLD_LOW_INCOME,359,359.0,0,0.0
27,WEAgent8,YOUNG_HIGH_INCOME,463,463.0,0,0.0
27,WEAgent1,FEMALE_YOUNG,1341,1341.0,1778,1182.436999999995
27,WEAgent2,MALE_YOUNG_HIGH_INCOME,310,310.0,0,0.0
27,WEAgent0,MALE_OLD_HIGH_INCOME,323,323.0,0,0.0
27,SIAgent9,MALE_HIGH_INCOME,265,265.0,214,214.0
27,WEAgent5,OLD_LOW_INCOME,839,839.0,0,0.0
27,WEAgent6,MALE,991,991.0,0,0.0
27,SIAgent7,MALE_LOW_INCOME,726,726.0,347,347.0
27,WEAgent3,YOUNG_HIGH_INCOME,463,463.0,0,0.0
27,SIAgent8,FEMALE_OLD_HIGH_INCOME,162,162.0,387,0.0
27,WEAgent4,MALE_LOW_INCOME,726,726.0,0,0.0
27,SIAgent5,MALE,2973,2973.0,566,566.0
27,SIAgent6,MALE_OLD_LOW_INCOME,359,359.0,338,338.0
27,SIAgent3,MALE_OLD_HIGH_INCOME,161,161.0,145,145.0
27,SIAgent4,YOUNG_HIGH_INCOME,154,154.0,75,75.0
27,SIAgent1,MALE_HIGH_INCOME,795,795.0,190,190.0
27,SIAgent2,FEMALE_YOUNG_HIGH_INCOME,102,102.0,2,2.0
27,SIAgent0,MALE,991,991.0,592,592.0
28,SIAgent10,FEMALE_OLD_LOW_INCOME,480,480.0,63,63.0
28,SIAgent11,OLD_LOW_INCOME,1678,1678.0,516,516.0
28,SIAgent12,MALE_OLD_HIGH_INCOME,323,323.0,0,0.0
28,WEAgent18,MALE_OLD_LOW_INCOME,1077,1077.0,0,0.0
28,SIAgent13,MALE_OLD_HIGH_INCOME,323,323.0,0,0.0
28,WEAgent19,OLD_LOW_INCOME,2517,2517.0,0,0.0
28,WEAgent16,FEMALE_YOUNG_HIGH_INCOME,153,153.0,0,0.0
28,WEAgent17,MALE_OLD_LOW_INCOME,718,718.0,0,0.0
28,WEAgent14,FEMALE_HIGH_INCOME,397,397.0,0,0.0
28,WEAgent15,MALE,1982,1982.0,0,0.0
28,WEAgent12,YOUNG_HIGH_INCOME,154,154.0,0,0.0
28,WEAgent13,MALE_YOUNG_LOW_INCOME,1101,1101.0,0,0.0
28,WEAgent9,MALE_YOUNG,1411,1411.0,0,0.0
28,WEAgent10,MALE_LOW_INCOME,1452,1452.0,0,0.0
28,WEAgent11,MALE_OLD_LOW_INCOME,1077,1077.0,0,0.0
28,WEAgent7,MALE_LOW_INCOME,726,726.0,0,0.0
28,WEAgent8,MALE_HIGH_INCOME,265,265.0,0,0.0
28,WEAgent1,OLD_LOW_INCOME,2517,2517.0,0,0.0
28,WEAgent2,OLD,3246,3246.0,3235,3235.0
28,WEAgent0,YOUNG,1835,1835.0,0,0.0
28,SIAgent9,OLD,2164,2164.0,489,489.0
28,WEAgent5,YOUNG_HIGH_INCOME,309,309.0,0,0.0
28,WEAgent6,MALE_OLD_LOW_INCOME,359,359.0,0,0.0
28,SIAgent7,HIGH_INCOME,397,397.0,570,53.0
28,WEAgent3,FEMALE_YOUNG,1341,1341.0,0,0.0
28,SIAgent8,FEMALE,1008,1008.0,595,595.0
28,WEAgent4,OLD_HIGH_INCOME,486,486.0,0,0.0
28,SIAgent5,MALE_OLD_HIGH_INCOME,484,484.0,0,0.0
28,SIAgent6,FEMALE_OLD_HIGH_INCOME,162,162.0,0,0.0
28,SIAgent3,FEMALE,3026,3026.0,621,621.0
28,SIAgent4,FEMALE,1008,1008.0,633,633.0
28,SIAgent1,OLD_HIGH_INCOME,243,243.0,0,0.0
28,SIAgent2,LOW_INCOME,4807,4807.0,2856,1002.0
28,SIAgent0,MALE_OLD,1041,1041.0,422,422.0
29,SIAgent10,MALE_OLD_HIGH_INCOME,323,323.0,208,208.0
29,SIAgent11,FEMALE_YOUNG_LOW_INCOME,396,396.0,396,396.0
29,SIAgent12,MALE_OLD,1041,1041.0,217,217.0
29,WEAgent18,FEMALE_OLD_HIGH_INCOME,244,244.0,0,0.0
29,SIAgent13,OLD_LOW_INCOME,1678,1678.0,470,470.0
29,WEAgent19,FEMALE_HIGH_INCOME,132,132.0,0,0.0
29,WEAgent16,YOUNG_HIGH_INCOME,154,154.0,0,0.0
29,WEAgent17,FEMALE_LOW_INCOME,1752,1752.0,0,0.0
29,WEAgent14,MALE_YOUNG_HIGH_INCOME,310,310.0,148,148.14800000000034
29,WEAgent15,LOW_INCOME,3204,3204.0,3204,3204.0
29,WEAgent12,MALE_LOW_INCOME,1452,1452.0,0,0.0
29,WEAgent13,FEMALE_OLD,1684,1684.0,0,0.0
29,WEAgent9,MALE_OLD,520,520.0,0,0.0
29,WEAgent10,FEMALE_YOUNG_LOW_INCOME,792,792.0,0,0.0
29,WEAgent11,YOUNG_HIGH_INCOME,463,463.0,247,247.2470000000008
29,WEAgent7,MALE_OLD_LOW_INCOME,359,359.0,0,0.0
29,WEAgent8,YOUNG,2753,2753.0,0,0.0
29,WEAgent1,YOUNG_HIGH_INCOME,463,463.0,292,292.292
29,WEAgent2,FEMALE_YOUNG_HIGH_INCOME,102,102.0,0,0.0
29,WEAgent0,MALE_OLD,1561,1561.0,0,0.0
29,SIAgent9,OLD_LOW_INCOME,1678,1678.0,461,461.0
29,WEAgent5,MALE_HIGH_INCOME,530,530.0,0,0.0
29,WEAgent6,HIGH_INCOME,397,397.0,0,0.0
29,SIAgent7,MALE_YOUNG,941,941.0,86,86.0
29,WEAgent3,OLD_LOW_INCOME,839,839.0,0,0.0
29,SIAgent8,FEMALE_YOUNG_HIGH_INCOME,51,51.0,0,0.0
29,WEAgent4,MALE_YOUNG_HIGH_INCOME,310,310.0,148,148.14800000000034
29,SIAgent5,MALE_LOW_INCOME,2178,2178.0,106,106.0
29,SIAgent6,HIGH_INCOME,397,397.0,335,335.0
29,SIAgent3,FEMALE_YOUNG,894,894.0,794,794.0
29,SIAgent4,FEMALE_OLD,1684,1684.0,632,632.0
29,SIAgent1,OLD,2164,2164.0,797,797.0
29,SIAgent2,MALE_YOUNG_LOW_INCOME,1101,1101.0,101,101.0
29,SIAgent0,LOW_INCOME,3204,3204.0,1358,1358.0
30,SIAgent10,FEMALE_YOUNG,1341,1341.0,63,63.0
30,SIAgent11,YOUNG_HIGH_INCOME,309,309.0,167,167.0
30,SIAgent12,FEMALE_YOUNG_LOW_INCOME,1188,1188.0,0,0.0
30,WEAgent18,MALE_YOUNG_HIGH_INCOME,103,103.0,102,102.10200000000012
30,SIAgent13,OLD_HIGH_INCOME,486,486.0,361,361.0
30,WEAgent19,MALE_YOUNG,1411,1411.0,0,0.0
30,WEAgent16,YOUNG_HIGH_INCOME,154,154.0,153,153.077
30,WEAgent17,LOW_INCOME,1602,1602.0,0,0.0
30,WEAgent14,YOUNG,2753,2753.0,0,0.0
30,WEAgent15,LOW_INCOME,4807,4807.0,4744,4744.796000000069
30,WEAgent12,FEMALE,3026,3026.0,0,0.0
30,WEAgent13,FEMALE_LOW_INCOME,2628,2628.0,0,0.0
30,WEAgent9,OLD_LOW_INCOME,1678,1678.0,0,0.0
30,WEAgent10,OLD,2164,2164.0,0,0.0
30,WEAgent11,FEMALE_OLD_HIGH_INCOME,162,162.0,0,0.0
30,WEAgent7,LOW_INCOME,3204,3204.0,3203,3203.8040000000246
30,WEAgent8,OLD_HIGH_INCOME,486,486.0,0,0.0
30,WEAgent1,FEMALE_OLD_HIGH_INCOME,81,81.0,0,0.0
30,WEAgent2,OLD_LOW_INCOME,839,839.0,0,0.0
30,WEAgent0,MALE_HIGH_INCOME,795,795.0,0,0.0
30,SIAgent9,MALE_OLD_LOW_INCOME,1077,1077.0,0,0.0
30,WEAgent5,FEMALE_OLD,1123,1123.0,0,0.0
30,WEAgent6,FEMALE_OLD_HIGH_INCOME,244,244.0,0,0.0
30,SIAgent7,OLD,1082,1082.0,361,361.0
30,WEAgent3,MALE_HIGH_INCOME,795,795.0,0,0.0
30,SIAgent8,FEMALE_OLD_LOW_INCOME,480,480.0,4,4.0
30,WEAgent4,FEMALE,3026,3026.0,0,0.0
30,SIAgent5,YOUNG_HIGH_INCOME,154,154.0,154,154.0
30,SIAgent6,FEMALE_OLD,1123,1123.0,70,70.0
30,SIAgent3,OLD_LOW_INCOME,2517,2517.0,1,1.0
30,SIAgent4,OLD,2164,2164.0,331,331.0
30,SIAgent1,MALE_YOUNG,941,941.0,100,100.0
30,SIAgent2,FEMALE,1008,1008.0,169,169.0
30,SIAgent0,MALE_LOW_INCOME,2178,2178.0,17,17.0
31,SIAgent10,YOUNG,917,917.0,917,917.0
31,SIAgent11,FEMALE_OLD,561,561.0,272,272.0
31,SIAgent12,OLD,1082,1082.0,833,833.0
31,WEAgent18,MALE_YOUNG,1411,1411.0,0,0.0
31,SIAgent13,YOUNG_LOW_INCOME,1526,1526.0,812,812.0
31,WEAgent19,FEMALE_OLD_HIGH_INCOME,244,244.0,0,0.0
31,WEAgent16,MALE_LOW_INCOME,1452,1452.0,0,0.0
31,WEAgent17,FEMALE_OLD,1684,1684.0,1645,1645.0
31,WEAgent14,MALE_OLD_LOW_INCOME,718,718.0,0,0.0
31,WEAgent15,FEMALE_YOUNG,894,894.0,0,0.0
31,WEAgent12,YOUNG_HIGH_INCOME,463,463.0,0,0.0
31,WEAgent13,YOUNG_HIGH_INCOME,154,154.0,142,142.0990000000001
31,WEAgent9,MALE_YOUNG,470,470.0,0,0.0
31,WEAgent10,MALE_OLD,1041,1041.0,0,0.0
31,WEAgent11,FEMALE_YOUNG,894,894.0,0,0.0
31,WEAgent7,MALE_YOUNG,470,470.0,0,0.0
31,WEAgent8,MALE_LOW_INCOME,1452,1452.0,0,0.0
31,WEAgent1,HIGH_INCOME,795,795.0,0,0.0
31,WEAgent2,MALE_YOUNG_HIGH_INCOME,310,310.0,0,0.0
31,WEAgent0,FEMALE_YOUNG_HIGH_INCOME,102,102.0,101,101.10100000000011
31,SIAgent9,OLD_LOW_INCOME,839,839.0,676,676.0
31,WEAgent5,HIGH_INCOME,397,397.0,0,0.0
31,WEAgent6,MALE_YOUNG_LOW_INCOME,1101,1101.0,0,0.0
31,SIAgent7,FEMALE_YOUNG_HIGH_INCOME,102,102.0,0,0.0
31,WEAgent3,YOUNG_HIGH_INCOME,463,463.0,0,0.0
31,SIAgent8,YOUNG_LOW_INCOME,2289,2289.0,764,764.0
31,WEAgent4,MALE_HIGH_INCOME,795,795.0,0,0.0
31,SIAgent5,MALE_OLD_HIGH_INCOME,161,161.0,156,156.0
31,SIAgent6,MALE,1982,1982.0,1057,1057.0
31,SIAgent3,YOUNG_LOW_INCOME,2289,2289.0,784,784.0
31,SIAgent4,FEMALE_OLD,1684,1684.0,295,295.0
31,SIAgent1,FEMALE_YOUNG_HIGH_INCOME,153,153.0,0,0.0
31,SIAgent2,MALE,2973,2973.0,1026,1026.0
31,SIAgent0,MALE_OLD,520,520.0,520,520.0
32,SIAgent10,OLD_HIGH_INCOME,486,486.0,6,6.0
32,SIAgent11,MALE_OLD,1561,1561.0,0,0.0
32,SIAgent12,MALE_HIGH_INCOME,530,530.0,0,0.0
32,WEAgent18,OLD_LOW_INCOME,2517,2517.0,1598,1599.5979999999693
32,SIAgent13,MALE,991,991.0,0,0.0
32,WEAgent19,FEMALE_YOUNG_HIGH_INCOME,102,102.0,0,0.0
32,WEAgent16,OLD_HIGH_INCOME,486,486.0,0,0.0
32,WEAgent17,YOUNG,2753,2753.0,1442,1443.436999999973
32,WEAgent14,OLD_LOW_INCOME,1678,1678.0,0,0.0
32,WEAgent15,MALE_HIGH_INCOME,795,795.0,0,0.0
32,WEAgent12,MALE_LOW_INCOME,726,726.0,0,0.0
32,WEAgent13,FEMALE_YOUNG_LOW_INCOME,1188,1188.0,0,0.0
32,WEAgent9,MALE_YOUNG,1411,1411.0,0,0.0
32,WEAgent10,MALE_YOUNG,941,941.0,0,0.0
32,WEAgent11,YOUNG_HIGH_INCOME,309,309.0,0,0.0
32,WEAgent7,OLD_HIGH_INCOME,486,486.0,0,0.0
32,WEAgent8,OLD_LOW_INCOME,2517,2517.0,1605,1606.604999999969
32,WEAgent1,MALE_YOUNG_HIGH_INCOME,103,103.0,0,0.0
32,WEAgent2,FEMALE_OLD_HIGH_INCOME,81,81.0,0,0.0
32,WEAgent0,HIGH_INCOME,1192,1192.0,0,0.0
32,SIAgent9,YOUNG_HIGH_INCOME,154,154.0,0,0.0
32,WEAgent5,OLD_HIGH_INCOME,243,243.0,0,0.0
32,WEAgent6,MALE_OLD_HIGH_INCOME,484,484.0,0,0.0
32,SIAgent7,FEMALE_OLD_HIGH_INCOME,244,244.0,3,3.0
32,WEAgent3,OLD,2164,2164.0,2137,2137.761999999985
32,SIAgent8,MALE_OLD_LOW_INCOME,359,359.0,0,0.0
32,WEAgent4,YOUNG,2753,2753.0,1481,1482.480999999972
32,SIAgent5,OLD,2164,2164.0,2,2.0
32,SIAgent6,HIGH_INCOME,397,397.0,4,4.0
32,SIAgent3,FEMALE_HIGH_INCOME,397,397.0,6,6.0
32,SIAgent4,YOUNG_HIGH_INCOME,154,154.0,0,0.0
32,SIAgent1,LOW_INCOME,1602,1602.0,1716,0.0
32,SIAgent2,MALE,1982,1982.0,0,0.0
32,SIAgent0,YOUNG_HIGH_INCOME,154,154.0,0,0.0
33,SIAgent10,FEMALE_HIGH_INCOME,132,132.0,71,71.0
33,SIAgent11,FEMALE_OLD_LOW_INCOME,1440,1440.0,119,119.0
33,SIAgent12,FEMALE_YOUNG_HIGH_INCOME,51,51.0,1,1.0
33,WEAgent18,OLD_LOW_INCOME,2517,2517.0,0,0.0
33,SIAgent13,MALE_YOUNG_HIGH_INCOME,103,103.0,3,3.0
33,WEAgent19,YOUNG,1835,1835.0,1835,1835.0
33,WEAgent16,MALE_OLD_HIGH_INCOME,161,161.0,0,0.0
33,WEAgent17,MALE_HIGH_INCOME,265,265.0,0,0.0
33,WEAgent14,YOUNG_HIGH_INCOME,154,154.0,0,0.0
33,WEAgent15,FEMALE_OLD_LOW_INCOME,480,480.0,0,0.0
33,WEAgent12,FEMALE,1008,1008.0,0,0.0
33,WEAgent13,OLD_HIGH_INCOME,486,486.0,0,0.0
33,WEAgent9,MALE_OLD_LOW_INCOME,718,718.0,0,0.0
33,WEAgent10,MALE_OLD,520,520.0,0,0.0
33,WEAgent11,FEMALE_YOUNG_HIGH_INCOME,102,102.0,0,0.0
33,WEAgent7,MALE_LOW_INCOME,1452,1452.0,0,0.0
33,WEAgent8,OLD,1082,1082.0,0,0.0
33,WEAgent1,FEMALE_OLD_HIGH_INCOME,81,81.0,0,0.0
33,WEAgent2,FEMALE_OLD_LOW_INCOME,1440,1440.0,1439,1439.621999999992
33,WEAgent0,FEMALE_YOUNG,1341,1341.0,0,0.0
33,SIAgent9,FEMALE_HIGH_INCOME,265,265.0,90,90.0
33,WEAgent5,FEMALE_HIGH_INCOME,397,397.0,0,0.0
33,WEAgent6,FEMALE_YOUNG_HIGH_INCOME,102,102.0,0,0.0
33,SIAgent7,MALE_OLD,1561,1561.0,639,639.0
33,WEAgent3,MALE_HIGH_INCOME,795,795.0,0,0.0
33,SIAgent8,OLD_HIGH_INCOME,729,729.0,215,215.0
33,WEAgent4,FEMALE_LOW_INCOME,2628,2628.0,2572,648.6479999999916
33,SIAgent5,MALE_YOUNG_HIGH_INCOME,310,310.0,2,2.0
33,SIAgent6,MALE_OLD,1041,1041.0,598,598.0
33,SIAgent3,FEMALE_OLD,561,561.0,181,181.0
33,SIAgent4,OLD_HIGH_INCOME,486,486.0,238,238.0
33,SIAgent1,MALE_YOUNG,941,941.0,396,396.0
33,SIAgent2,OLD,3246,3246.0,792,792.0
33,SIAgent0,MALE_LOW_INCOME,2178,2178.0,809,809.0
34,SIAgent10,FEMALE,2017,2017.0,545,545.0
34,SIAgent11,YOUNG,1835,1835.0,111,111.0
34,SIAgent12,YOUNG_LOW_INCOME,2289,2289.0,101,101.0
34,WEAgent18,LOW_INCOME,3204,3204.0,3252,1410.0
34,SIAgent13,FEMALE_OLD_HIGH_INCOME,81,81.0,0,0.0
34,WEAgent19,OLD_LOW_INCOME,2517,2517.0,0,0.0
34,WEAgent16,FEMALE_YOUNG_LOW_INCOME,792,792.0,0,0.0
34,WEAgent17,FEMALE,3026,3026.0,3005,3005.0
34,WEAgent14,YOUNG,917,917.0,0,0.0
34,WEAgent15,MALE_YOUNG,941,941.0,0,0.0
34,WEAgent12,OLD_HIGH_INCOME,243,243.0,0,0.0
34,WEAgent13,MALE_LOW_INCOME,1452,1452.0,0,0.0
34,WEAgent9,YOUNG_HIGH_INCOME,463,463.0,0,0.0
34,WEAgent10,FEMALE_HIGH_INCOME,265,265.0,0,0.0
34,WEAgent11,FEMALE_YOUNG_LOW_INCOME,396,396.0,0,0.0
34,WEAgent7,FEMALE_OLD_LOW_INCOME,960,960.0,0,0.0
34,WEAgent8,HIGH_INCOME,1192,1192.0,1171,1171.0
34,WEAgent1,MALE_YOUNG_LOW_INCOME,734,734.0,0,0.0
34,WEAgent2,FEMALE_LOW_INCOME,1752,1752.0,0,0.0
34,WEAgent0,FEMALE_LOW_INCOME,1752,1752.0,0,0.0
34,SIAgent9,FEMALE_YOUNG_LOW_INCOME,1188,1188.0,4,4.0
34,WEAgent5,MALE_OLD_HIGH_INCOME,484,484.0,0,0.0
34,WEAgent6,MALE_HIGH_INCOME,795,795.0,0,0.0
34,SIAgent7,FEMALE_OLD_LOW_INCOME,1440,1440.0,514,514.0
34,WEAgent3,MALE_OLD_HIGH_INCOME,323,323.0,0,0.0
34,SIAgent8,MALE_OLD_HIGH_INCOME,323,323.0,42,42.0
34,WEAgent4,MALE_OLD_HIGH_INCOME,323,323.0,0,0.0
34,SIAgent5,HIGH_INCOME,397,397.0,40,40.0
34,SIAgent6,FEMALE_OLD_LOW_INCOME,960,960.0,472,472.0
34,SIAgent3,YOUNG,1835,1835.0,100,100.0
34,SIAgent4,FEMALE_HIGH_INCOME,132,132.0,0,0.0
34,SIAgent1,FEMALE_OLD_LOW_INCOME,480,480.0,478,478.0
34,SIAgent2,MALE_OLD_HIGH_INCOME,484,484.0,47,47.0
34,SIAgent0,MALE_YOUNG_LOW_INCOME,1101,1101.0,118,118.0
35,SIAgent10,HIGH_INCOME,397,397.0,5,5.0
35,SIAgent11,FEMALE_YOUNG_HIGH_INCOME,153,153.0,1,1.0
35,SIAgent12,FEMALE_OLD_LOW_INCOME,1440,1440.0,187,187.0
35,WEAgent18,OLD,1082,1082.0,1081,1081.2570000000007
35,SIAgent13,FEMALE_YOUNG,894,894.0,399,399.0
35,WEAgent19,MALE_YOUNG_HIGH_INCOME,103,103.0,0,0.0
35,WEAgent16,FEMALE_YOUNG,1341,1341.0,0,0.0
35,WEAgent17,YOUNG_HIGH_INCOME,154,154.0,0,0.0
35,WEAgent14,MALE_OLD_HIGH_INCOME,323,323.0,0,0.0
35,WEAgent15,OLD_LOW_INCOME,839,839.0,0,0.0
35,WEAgent12,FEMALE_YOUNG_LOW_INCOME,1188,1188.0,0,0.0
35,WEAgent13,HIGH_INCOME,1192,1192.0,0,0.0
35,WEAgent9,HIGH_INCOME,1192,1192.0,0,0.0
35,WEAgent10,OLD,3246,3246.0,3164,3164.234999999996
35,WEAgent11,FEMALE_YOUNG,447,447.0,0,0.0
35,WEAgent7,YOUNG,2753,2753.0,2713,2713.0
35,WEAgent8,FEMALE_YOUNG_HIGH_INCOME,51,51.0,0,0.0
35,WEAgent1,YOUNG_LOW_INCOME,2289,2289.0,0,0.0
35,WEAgent2,YOUNG_LOW_INCOME,1526,1526.0,0,0.0
35,WEAgent0,YOUNG_HIGH_INCOME,154,154.0,0,0.0
35,SIAgent9,OLD,1082,1082.0,187,187.0
35,WEAgent5,FEMALE_OLD_LOW_INCOME,480,480.0,0,0.0
35,WEAgent6,FEMALE_YOUNG_LOW_INCOME,396,396.0,0,0.0
35,SIAgent7,HIGH_INCOME,397,397.0,2,2.0
35,WEAgent3,FEMALE_LOW_INCOME,1752,1752.0,0,0.0
35,SIAgent8,FEMALE,1008,1008.0,560,560.0
35,WEAgent4,MALE_YOUNG_LOW_INCOME,734,734.0,0,0.0
35,SIAgent5,MALE_YOUNG,470,470.0,0,0.0
35,SIAgent6,MALE_OLD,1041,1041.0,0,0.0
35,SIAgent3,MALE_YOUNG,470,470.0,0,0.0
35,SIAgent4,FEMALE_LOW_INCOME,2628,2628.0,551,551.0
35,SIAgent1,FEMALE_OLD_LOW_INCOME,960,960.0,187,187.0
35,SIAgent2,FEMALE_LOW_INCOME,876,876.0,581,581.0
35,SIAgent0,FEMALE_YOUNG,894,894.0,382,382.0
36,SIAgent10,FEMALE_YOUNG,1341,1341.0,338,338.0
36,SIAgent11,FEMALE_YOUNG_LOW_INCOME,396,396.0,294,294.0
36,SIAgent12,MALE,991,991.0,256,228.0
36,WEAgent18,MALE_YOUNG_LOW_INCOME,1101,1101.0,0,0.0
36,SIAgent13,MALE_YOUNG,1411,1411.0,216,216.0
36,WEAgent19,MALE_HIGH_INCOME,265,265.0,0,0.0
36,WEAgent16,OLD,3246,3246.0,3245,3245.234999999996
36,WEAgent17,MALE,2973,2973.0,0,0.0
36,WEAgent14,HIGH_INCOME,795,795.0,0,0.0
36,WEAgent15,YOUNG_HIGH_INCOME,463,463.0,0,0.0
36,WEAgent12,FEMALE_HIGH_INCOME,132,132.0,0,0.0
36,WEAgent13,FEMALE_OLD_LOW_INCOME,480,480.0,0,0.0
36,WEAgent9,FEMALE_HIGH_INCOME,397,397.0,0,0.0
36,WEAgent10,OLD_LOW_INCOME,1678,1678.0,0,0.0
36,WEAgent11,OLD,1082,1082.0,0,0.0
36,WEAgent7,OLD,2164,2164.0,2163,2163.232000000001
36,WEAgent8,FEMALE_HIGH_INCOME,265,265.0,0,0.0
36,WEAgent1,YOUNG,1835,1835.0,1835,1835.0
36,WEAgent2,OLD_HIGH_INCOME,243,243.0,0,0.0
36,WEAgent0,MALE_YOUNG_LOW_INCOME,367,367.0,0,0.0
36,SIAgent9,FEMALE_YOUNG_LOW_INCOME,396,396.0,286,286.0
36,WEAgent5,MALE_YOUNG,941,941.0,0,0.0
36,WEAgent6,MALE_OLD_LOW_INCOME,718,718.0,0,0.0
36,SIAgent7,FEMALE,1008,1008.0,391,391.0
36,WEAgent3,OLD_LOW_INCOME,839,839.0,0,0.0
36,SIAgent8,YOUNG_HIGH_INCOME,309,309.0,7,7.0
36,WEAgent4,MALE_HIGH_INCOME,795,795.0,0,0.0
36,SIAgent5,HIGH_INCOME,795,795.0,20,20.0
36,SIAgent6,FEMALE_LOW_INCOME,1752,1752.0,346,346.0
36,SIAgent3,MALE_HIGH_INCOME,265,265.0,7,7.0
36,SIAgent4,FEMALE_YOUNG_HIGH_INCOME,102,102.0,2,2.0
36,SIAgent1,YOUNG,917,917.0,574,574.0
36,SIAgent2,FEMALE_OLD_HIGH_INCOME,81,81.0,11,11.0
36,SIAgent0,MALE_HIGH_INCOME,795,795.0,9,9.0
37,SIAgent10,HIGH_INCOME,795,795.0,305,305.0
37,SIAgent11,OLD_HIGH_INCOME,243,243.0,232,232.0
37,SIAgent12,YOUNG_LOW_INCOME,1526,1526.0,748,748.0
37,WEAgent18,MALE_YOUNG_LOW_INCOME,734,734.0,733,733.7329999999896
37,SIAgent13,FEMALE,3026,3026.0,1297,1297.0
37,WEAgent19,YOUNG_LOW_INCOME,1526,1526.0,0,0.0
37,WEAgent16,MALE_OLD,1561,1561.0,0,0.0
37,WEAgent17,MALE,1982,1982.0,1981,1981.7209999999852
37,WEAgent14,OLD,1082,1082.0,0,0.0
37,WEAgent15,HIGH_INCOME,795,795.0,0,0.0
37,WEAgent12,HIGH_INCOME,1192,1192.0,0,0.0
37,WEAgent13,YOUNG,1835,1835.0,0,0.0
37,WEAgent9,FEMALE_YOUNG_LOW_INCOME,792,792.0,0,0.0
37,WEAgent10,MALE_OLD_LOW_INCOME,1077,1077.0,0,0.0
37,WEAgent11,MALE_HIGH_INCOME,265,265.0,0,0.0
37,WEAgent7,MALE_HIGH_INCOME,795,795.0,0,0.0
37,WEAgent8,MALE_YOUNG_LOW_INCOME,1101,1101.0,0,0.0
37,WEAgent1,FEMALE_HIGH_INCOME,397,397.0,0,0.0
37,WEAgent2,FEMALE_HIGH_INCOME,132,132.0,0,0.0
37,WEAgent0,MALE_OLD_LOW_INCOME,359,359.0,0,0.0
37,SIAgent9,MALE_YOUNG,470,470.0,59,59.0
37,WEAgent5,YOUNG_HIGH_INCOME,154,154.0,0,0.0
37,WEAgent6,OLD_LOW_INCOME,1678,1678.0,0,0.0
37,SIAgent7,OLD,2164,2164.0,1594,1138.0
37,WEAgent3,FEMALE_LOW_INCOME,2628,2628.0,0,0.0
37,SIAgent8,YOUNG_HIGH_INCOME,309,309.0,91,91.0
37,WEAgent4,FEMALE_OLD_HIGH_INCOME,244,244.0,0,0.0
37,SIAgent5,FEMALE_LOW_INCOME,1752,1752.0,1123,1123.0
37,SIAgent6,MALE_HIGH_INCOME,795,795.0,136,136.0
37,SIAgent3,FEMALE_OLD_HIGH_INCOME,244,244.0,78,78.0
37,SIAgent4,MALE_OLD_HIGH_INCOME,161,161.0,151,151.0
37,SIAgent1,FEMALE_OLD_LOW_INCOME,480,480.0,472,472.0
37,SIAgent2,FEMALE_OLD_LOW_INCOME,480,480.0,480,480.0
37,SIAgent0,MALE_OLD,520,520.0,520,520.0
38,SIAgent10,LOW_INCOME,3204,3204.0,525,525.0
38,SIAgent11,HIGH_INCOME,795,795.0,488,488.0
38,SIAgent12,YOUNG_HIGH_INCOME,309,309.0,0,0.0
38,WEAgent18,FEMALE_HIGH_INCOME,265,265.0,0,0.0
38,SIAgent13,FEMALE_OLD_LOW_INCOME,960,960.0,491,491.0
38,WEAgent19,YOUNG,917,917.0,881,881.1429999999997
38,WEAgent16,MALE_LOW_INCOME,2178,2178.0,0,0.0
38,WEAgent17,YOUNG_LOW_INCOME,1526,1526.0,0,0.0
38,WEAgent14,OLD_HIGH_INCOME,729,729.0,0,0.0
38,WEAgent15,FEMALE_LOW_INCOME,2628,2628.0,0,0.0
38,WEAgent12,LOW_INCOME,3204,3204.0,0,0.0
38,WEAgent13,LOW_INCOME,3204,3204.0,0,0.0
38,WEAgent9,MALE_LOW_INCOME,2178,2178.0,0,0.0
38,WEAgent10,YOUNG_LOW_INCOME,2289,2289.0,0,0.0
38,WEAgent11,MALE,991,991.0,0,0.0
38,WEAgent7,FEMALE,3026,3026.0,0,0.0
38,WEAgent8,LOW_INCOME,4807,4807.0,4744,4744.465000000009
38,WEAgent1,OLD_HIGH_INCOME,729,729.0,0,0.0
38,WEAgent2,FEMALE_YOUNG_LOW_INCOME,792,792.0,0,0.0
38,WEAgent0,FEMALE_YOUNG,447,447.0,446,446.44599999999633
38,SIAgent9,FEMALE_YOUNG,447,447.0,30,30.0
38,WEAgent5,MALE_YOUNG,941,941.0,0,0.0
38,WEAgent6,FEMALE_YOUNG_HIGH_INCOME,102,102.0,0,0.0
38,SIAgent7,MALE_OLD_LOW_INCOME,718,718.0,0,0.0
38,WEAgent3,FEMALE_YOUNG_HIGH_INCOME,153,153.0,0,0.0
38,SIAgent8,MALE_LOW_INCOME,2178,2178.0,10,10.0
38,WEAgent4,MALE_HIGH_INCOME,265,265.0,0,0.0
38,SIAgent5,LOW_INCOME,1602,1602.0,555,555.0
38,SIAgent6,FEMALE_YOUNG,894,894.0,34,34.0
38,SIAgent3,OLD,3246,3246.0,930,930.0
38,SIAgent4,LOW_INCOME,4807,4807.0,538,538.0
38,SIAgent1,MALE_HIGH_INCOME,530,530.0,251,251.0
38,SIAgent2,YOUNG_LOW_INCOME,2289,2289.0,34,34.0
38,SIAgent0,YOUNG,917,917.0,43,43.0
39,SIAgent10,MALE_LOW_INCOME,726,726.0,726,726.0
39,SIAgent11,MALE,1982,1982.0,1385,1225.0
39,SIAgent12,FEMALE_YOUNG,894,894.0,635,635.0
39,WEAgent18,FEMALE_OLD,1123,1123.0,0,0.0
39,SIAgent13,FEMALE_OLD_HIGH_INCOME,162,162.0,61,61.0
39,WEAgent19,YOUNG_HIGH_INCOME,154,154.0,0,0.0
39,WEAgent16,FEMALE_YOUNG_HIGH_INCOME,153,153.0,0,0.0
39,WEAgent17,FEMALE_OLD,561,561.0,0,0.0
39,WEAgent14,FEMALE_OLD_LOW_INCOME,960,960.0,0,0.0
39,WEAgent15,OLD_LOW_INCOME,2517,2517.0,0,0.0
39,WEAgent12,MALE_HIGH_INCOME,795,795.0,0,0.0
39,WEAgent13,FEMALE_OLD_HIGH_INCOME,162,162.0,0,0.0
39,WEAgent9,FEMALE_YOUNG,894,894.0,0,0.0
39,WEAgent10,MALE_OLD_HIGH_INCOME,323,323.0,0,0.0
39,WEAgent11,OLD,2164,2164.0,0,0.0
39,WEAgent7,YOUNG_LOW_INCOME,1526,1526.0,0,0.0
39,WEAgent8,FEMALE_YOUNG_HIGH_INCOME,102,102.0,0,0.0
39,WEAgent1,FEMALE_OLD_HIGH_INCOME,244,244.0,0,0.0
39,WEAgent2,MALE_HIGH_INCOME,530,530.0,0,0.0
39,WEAgent0,FEMALE_YOUNG_HIGH_INCOME,153,153.0,0,0.0
39,SIAgent9,OLD_LOW_INCOME,1678,1678.0,935,935.0
39,WEAgent5,MALE,991,991.0,0,0.0
39,WEAgent6,FEMALE_YOUNG_LOW_INCOME,792,792.0,0,0.0
39,SIAgent7,MALE_LOW_INCOME,726,726.0,726,726.0
39,WEAgent3,YOUNG_LOW_INCOME,1526,1526.0,0,0.0
39,SIAgent8,HIGH_INCOME,795,795.0,595,595.0
39,WEAgent4,FEMALE_OLD,561,561.0,0,0.0
39,SIAgent5,FEMALE_YOUNG_LOW_INCOME,396,396.0,396,396.0
39,SIAgent6,FEMALE_OLD_HIGH_INCOME,81,81.0,71,71.0
39,SIAgent3,FEMALE,3026,3026.0,1302,1302.0
39,SIAgent4,FEMALE_HIGH_INCOME,397,397.0,109,109.0
39,SIAgent1,OLD,3246,3246.0,1209,1209.0
39,SIAgent2,LOW_INCOME,1602,1602.0,1602,1602.0
39,SIAgent0,OLD_HIGH_INCOME,729,729.0,248,248.0
40,SIAgent10,MALE_OLD,520,520.0,0,0.0
40,SIAgent11,MALE_YOUNG_HIGH_INCOME,103,103.0,47,47.0
40,SIAgent12,OLD_HIGH_INCOME,729,729.0,0,0.0
40,WEAgent18,OLD,3246,3246.0,1709,1710.7089999999666
40,SIAgent13,OLD,1082,1082.0,1566,0.0
40,WEAgent19,MALE_YOUNG_HIGH_INCOME,206,206.0,206,206.0
40,WEAgent16,FEMALE_OLD_LOW_INCOME,1440,1440.0,0,0.0
40,WEAgent17,MALE_OLD_HIGH_INCOME,323,323.0,0,0.0
40,WEAgent14,FEMALE_LOW_INCOME,1752,1752.0,974,974.9739999999839
40,WEAgent15,MALE_YOUNG,941,941.0,0,0.0
40,WEAgent12,YOUNG_LOW_INCOME,763,763.0,0,0.0
40,WEAgent13,OLD_LOW_INCOME,839,839.0,0,0.0
40,WEAgent9,YOUNG_LOW_INCOME,2289,2289.0,2279,2279.4529999999913
40,WEAgent10,OLD,3246,3246.0,1736,1737.735999999966
40,WEAgent11,FEMALE_YOUNG_LOW_INCOME,1188,1188.0,0,0.0
40,WEAgent7,FEMALE_OLD_LOW_INCOME,1440,1440.0,0,0.0
40,WEAgent8,MALE_OLD_HIGH_INCOME,161,161.0,0,0.0
40,WEAgent1,MALE_YOUNG_LOW_INCOME,1101,1101.0,0,0.0
40,WEAgent2,MALE_YOUNG_LOW_INCOME,1101,1101.0,0,0.0
40,WEAgent0,FEMALE_LOW_INCOME,1752,1752.0,943,943.9419999999847
40,SIAgent9,FEMALE_OLD_HIGH_INCOME,81,81.0,0,0.0
40,WEAgent5,MALE,1982,1982.0,0,0.0
40,WEAgent6,OLD_HIGH_INCOME,729,729.0,0,0.0
40,SIAgent7,MALE,1982,1982.0,43,43.0
40,WEAgent3,MALE_OLD,520,520.0,0,0.0
40,SIAgent8,HIGH_INCOME,1192,1192.0,163,163.0
40,WEAgent4,OLD_HIGH_INCOME,243,243.0,0,0.0
40,SIAgent5,MALE_YOUNG_HIGH_INCOME,206,206.0,50,50.0
40,SIAgent6,MALE_LOW_INCOME,2178,2178.0,0,0.0
40,SIAgent3,MALE_OLD_HIGH_INCOME,161,161.0,0,0.0
40,SIAgent4,FEMALE_YOUNG,894,894.0,84,84.0
40,SIAgent1,YOUNG_HIGH_INCOME,309,309.0,145,145.0
40,SIAgent2,MALE_HIGH_INCOME,530,530.0,55,55.0
40,SIAgent0,MALE_LOW_INCOME,1452,1452.0,0,0.0
41,SIAgent10,FEMALE_OLD,561,561.0,325,325.0
41,SIAgent11,HIGH_INCOME,1192,1192.0,526,526.0
41,SIAgent12,FEMALE_YOUNG,894,894.0,0,0.0
41,WEAgent18,MALE_YOUNG,1411,1411.0,0,0.0
41,SIAgent13,FEMALE_HIGH_INCOME,265,265.0,0,0.0
41,WEAgent19,MALE_YOUNG_LOW_INCOME,367,367.0,366,366.3659999999982
41,WEAgent16,HIGH_INCOME,795,795.0,0,0.0
41,WEAgent17,FEMALE,2017,2017.0,1973,1973.6089999999895
41,WEAgent14,FEMALE,1008,1008.0,1007,1007.6249999999873
41,WEAgent15,MALE_OLD_LOW_INCOME,718,718.0,0,0.0
41,WEAgent12,FEMALE_OLD_HIGH_INCOME,162,162.0,0,0.0
41,WEAgent13,FEMALE_OLD_LOW_INCOME,960,960.0,0,0.0
41,WEAgent9,OLD_HIGH_INCOME,243,243.0,0,0.0
41,WEAgent10,LOW_INCOME,3204,3204.0,3203,3203.3789999999935
41,WEAgent11,YOUNG,917,917.0,0,0.0
41,WEAgent7,OLD_LOW_INCOME,2517,2517.0,0,0.0
41,WEAgent8,FEMALE_YOUNG_HIGH_INCOME,102,102.0,0,0.0
41,WEAgent1,FEMALE_YOUNG,894,894.0,0,0.0
41,WEAgent2,FEMALE_OLD_HIGH_INCOME,81,81.0,0,0.0
41,WEAgent0,FEMALE_YOUNG,1341,1341.0,0,0.0
41,SIAgent9,OLD_LOW_INCOME,839,839.0,278,278.0
41,WEAgent5,HIGH_INCOME,795,795.0,0,0.0
41,WEAgent6,FEMALE_OLD_HIGH_INCOME,81,81.0,0,0.0
41,SIAgent7,MALE_OLD_LOW_INCOME,359,359.0,3,3.0
41,WEAgent3,YOUNG_LOW_INCOME,763,763.0,0,0.0
41,SIAgent8,MALE_YOUNG_LOW_INCOME,1101,1101.0,36,36.0
41,WEAgent4,MALE_YOUNG,1411,1411.0,0,0.0
41,SIAgent5,FEMALE_OLD_LOW_INCOME,1440,1440.0,283,283.0
41,SIAgent6,FEMALE_LOW_INCOME,876,876.0,297,297.0
41,SIAgent3,MALE,991,991.0,600,600.0
41,SIAgent4,FEMALE_OLD,561,561.0,321,321.0
41,SIAgent1,YOUNG,1835,1835.0,230,230.0
41,SIAgent2,OLD_LOW_INCOME,839,839.0,267,267.0
41,SIAgent0,FEMALE_OLD,561,561.0,285,285.0
42,SIAgent10,LOW_INCOME,4807,4807.0,52,52.0
42,SIAgent11,FEMALE_OLD_HIGH_INCOME,244,244.0,3,3.0
42,SIAgent12,YOUNG,917,917.0,13,13.0
42,WEAgent18,HIGH_INCOME,795,795.0,761,761.2149999999998
42,SIAgent13,FEMALE_HIGH_INCOME,265,265.0,17,17.0
42,WEAgent19,YOUNG,917,917.0,0,0.0
42,WEAgent16,MALE,2973,2973.0,0,0.0
42,WEAgent17,LOW_INCOME,3204,3204.0,3188,3188.8080000000273
42,WEAgent14,LOW_INCOME,4807,4807.0,4742,4742.777000000061
42,WEAgent15,FEMALE_YOUNG,1341,1341.0,0,0.0
42,WEAgent12,MALE_YOUNG_HIGH_INCOME,310,310.0,0,0.0
42,WEAgent13,YOUNG_HIGH_INCOME,463,463.0,0,0.0
42,WEAgent9,MALE_OLD_LOW_INCOME,359,359.0,0,0.0
42,WEAgent10,MALE_OLD_HIGH_INCOME,161,161.0,0,0.0
42,WEAgent11,MALE_OLD,1561,1561.0,0,0.0
42,WEAgent7,FEMALE_YOUNG_LOW_INCOME,792,792.0,0,0.0
42,WEAgent8,FEMALE_OLD,1684,1684.0,0,0.0
42,WEAgent1,FEMALE_YOUNG_LOW_INCOME,1188,1188.0,0,0.0
42,WEAgent2,MALE_YOUNG,1411,1411.0,0,0.0
42,WEAgent0,FEMALE_LOW_INCOME,1752,1752.0,0,0.0
42,SIAgent9,MALE_YOUNG_LOW_INCOME,734,734.0,0,0.0
42,WEAgent5,OLD,1082,1082.0,1047,1047.125
42,WEAgent6,MALE_YOUNG_HIGH_INCOME,103,103.0,102,102.10200000000012
42,SIAgent7,FEMALE_OLD_HIGH_INCOME,244,244.0,15,15.0
42,WEAgent3,YOUNG,1835,1835.0,0,0.0
42,SIAgent8,MALE,1982,1982.0,31,31.0
42,WEAgent4,LOW_INCOME,1602,1602.0,0,0.0
42,SIAgent5,FEMALE_OLD_LOW_INCOME,1440,1440.0,0,0.0
42,SIAgent6,YOUNG_HIGH_INCOME,154,154.0,10,10.0
42,SIAgent3,MALE_YOUNG,1411,1411.0,0,0.0
42,SIAgent4,FEMALE_YOUNG_HIGH_INCOME,102,102.0,0,0.0
42,SIAgent1,MALE_HIGH_INCOME,265,265.0,0,0.0
42,SIAgent2,YOUNG_LOW_INCOME,1526,1526.0,4,4.0
42,SIAgent0,FEMALE_HIGH_INCOME,397,397.0,15,15.0
43,SIAgent10,HIGH_INCOME,397,397.0,0,0.0
43,SIAgent11,YOUNG,1835,1835.0,77,77.0
43,SIAgent12,YOUNG_LOW_INCOME,763,763.0,61,61.0
43,WEAgent18,MALE_OLD,1561,1561.0,0,0.0
43,SIAgent13,MALE,2973,2973.0,51,51.0
43,WEAgent19,HIGH_INCOME,1192,1192.0,685,685.6849999999907
43,WEAgent16,LOW_INCOME,3204,3204.0,3196,3196.0
43,WEAgent17,OLD_LOW_INCOME,2517,2517.0,0,0.0
43,WEAgent14,FEMALE_OLD_HIGH_INCOME,244,244.0,0,0.0
43,WEAgent15,YOUNG_LOW_INCOME,763,763.0,0,0.0
43,WEAgent12,HIGH_INCOME,1192,1192.0,614,614.6139999999924
43,WEAgent13,OLD_HIGH_INCOME,729,729.0,0,0.0
43,WEAgent9,FEMALE_OLD_HIGH_INCOME,244,244.0,0,0.0
43,WEAgent10,MALE,2973,2973.0,0,0.0
43,WEAgent11,MALE_YOUNG_HIGH_INCOME,103,103.0,0,0.0
43,WEAgent7,YOUNG_HIGH_INCOME,463,463.0,0,0.0
43,WEAgent8,MALE_LOW_INCOME,726,726.0,0,0.0
43,WEAgent1,FEMALE,3026,3026.0,1673,1674.6729999999675
43,WEAgent2,MALE_LOW_INCOME,1452,1452.0,0,0.0
43,WEAgent0,YOUNG_LOW_INCOME,2289,2289.0,0,0.0
43,SIAgent9,MALE_YOUNG_LOW_INCOME,367,367.0,60,60.0
43,WEAgent5,OLD_HIGH_INCOME,486,486.0,0,0.0
43,WEAgent6,FEMALE_YOUNG_HIGH_INCOME,51,51.0,0,0.0
43,SIAgent7,FEMALE_YOUNG_LOW_INCOME,792,792.0,0,0.0
43,WEAgent3,FEMALE,3026,3026.0,1754,1755.7539999999656
43,SIAgent8,MALE_YOUNG_LOW_INCOME,367,367.0,58,58.0
43,WEAgent4,FEMALE_LOW_INCOME,1752,1752.0,1611,1611.376999999998
43,SIAgent5,MALE_YOUNG_HIGH_INCOME,206,206.0,0,0.0
43,SIAgent6,MALE_OLD_HIGH_INCOME,323,323.0,0,0.0
43,SIAgent3,MALE_YOUNG_LOW_INCOME,1101,1101.0,58,58.0
43,SIAgent4,FEMALE_OLD_HIGH_INCOME,162,162.0,0,0.0
43,SIAgent1,FEMALE,3026,3026.0,0,0.0
43,SIAgent2,MALE_YOUNG,470,470.0,44,44.0
43,SIAgent0,MALE_YOUNG,941,941.0,58,58.0
44,SIAgent10,MALE_HIGH_INCOME,530,530.0,613,195.0
44,SIAgent11,MALE_LOW_INCOME,726,726.0,4,4.0
44,SIAgent12,MALE_YOUNG_LOW_INCOME,367,367.0,2,2.0
44,WEAgent18,MALE_YOUNG,1411,1411.0,0,0.0
44,SIAgent13,FEMALE_OLD_LOW_INCOME,960,960.0,251,251.0
44,WEAgent19,YOUNG,2753,2753.0,0,0.0
44,WEAgent16,FEMALE_YOUNG_LOW_INCOME,792,792.0,0,0.0
44,WEAgent17,FEMALE_OLD_LOW_INCOME,480,480.0,0,0.0
44,WEAgent14,MALE_YOUNG_LOW_INCOME,734,734.0,0,0.0
44,WEAgent15,MALE_YOUNG,470,470.0,0,0.0
44,WEAgent12,MALE_OLD_LOW_INCOME,1077,1077.0,0,0.0
44,WEAgent13,MALE_OLD,1561,1561.0,0,0.0
44,WEAgent9,MALE_YOUNG,1411,1411.0,0,0.0
44,WEAgent10,MALE_YOUNG_HIGH_INCOME,103,103.0,0,0.0
44,WEAgent11,MALE_YOUNG,941,941.0,0,0.0
44,WEAgent7,OLD_LOW_INCOME,839,839.0,839,839.0
44,WEAgent8,MALE_OLD,1041,1041.0,0,0.0
44,WEAgent1,MALE_YOUNG_HIGH_INCOME,310,310.0,0,0.0
44,WEAgent2,LOW_INCOME,4807,4807.0,4790,4790.0
44,WEAgent0,MALE_YOUNG_LOW_INCOME,734,734.0,0,0.0
44,SIAgent9,FEMALE_LOW_INCOME,1752,1752.0,393,393.0
44,WEAgent5,HIGH_INCOME,397,397.0,397,397.0
44,WEAgent6,FEMALE_OLD,1684,1684.0,0,0.0
44,SIAgent7,FEMALE_LOW_INCOME,876,876.0,377,377.0
44,WEAgent3,MALE_LOW_INCOME,726,726.0,0,0.0
44,SIAgent8,FEMALE_YOUNG_HIGH_INCOME,153,153.0,55,55.0
44,WEAgent4,FEMALE_HIGH_INCOME,132,132.0,0,0.0
44,SIAgent5,FEMALE_YOUNG,1341,1341.0,160,160.0
44,SIAgent6,YOUNG,1835,1835.0,337,337.0
44,SIAgent3,YOUNG,1835,1835.0,324,324.0
44,SIAgent4,FEMALE_OLD,561,561.0,465,465.0
44,SIAgent1,OLD_LOW_INCOME,1678,1678.0,258,258.0
44,SIAgent2,FEMALE,3026,3026.0,625,625.0
44,SIAgent0,FEMALE_YOUNG_LOW_INCOME,792,792.0,110,110.0
45,SIAgent10,FEMALE,1008,1008.0,0,0.0
45,SIAgent11,YOUNG_HIGH_INCOME,309,309.0,169,169.0
45,SIAgent12,MALE_OLD,1561,1561.0,0,0.0
45,WEAgent18,FEMALE_LOW_INCOME,1752,1752.0,0,0.0
45,SIAgent13,FEMALE_YOUNG,1341,1341.0,0,0.0
45,WEAgent19,MALE_OLD_LOW_INCOME,359,359.0,0,0.0
45,WEAgent16,FEMALE_YOUNG,894,894.0,0,0.0
45,WEAgent17,FEMALE_HIGH_INCOME,132,132.0,0,0.0
45,WEAgent14,FEMALE,1008,1008.0,0,0.0
45,WEAgent15,MALE_YOUNG_HIGH_INCOME,103,103.0,0,0.0
45,WEAgent12,FEMALE_YOUNG_LOW_INCOME,792,792.0,0,0.0
45,WEAgent13,FEMALE_OLD_LOW_INCOME,960,960.0,0,0.0
45,WEAgent9,YOUNG_LOW_INCOME,1526,1526.0,0,0.0
45,WEAgent10,LOW_INCOME,1602,1602.0,1151,1152.1509999999798
45,WEAgent11,MALE_YOUNG,941,941.0,0,0.0
45,WEAgent7,OLD_LOW_INCOME,2517,2517.0,0,0.0
45,WEAgent8,OLD,3246,3246.0,1764,1765.7639999999653
45,WEAgent1,MALE_OLD_HIGH_INCOME,161,161.0,0,0.0
45,WEAgent2,FEMALE,3026,3026.0,2833,2833.6440000000357
45,WEAgent0,LOW_INCOME,1602,1602.0,1157,1158.104999999981
45,SIAgent9,FEMALE_LOW_INCOME,2628,2628.0,0,0.0
45,WEAgent5,MALE_LOW_INCOME,2178,2178.0,0,0.0
45,WEAgent6,MALE_YOUNG_HIGH_INCOME,206,206.0,0,0.0
45,SIAgent7,YOUNG,1835,1835.0,317,317.0
45,WEAgent3,MALE_OLD,1561,1561.0,0,0.0
45,SIAgent8,MALE_YOUNG_LOW_INCOME,1101,1101.0,177,177.0
45,WEAgent4,OLD,3246,3246.0,1724,1725.7239999999663
45,SIAgent5,OLD_HIGH_INCOME,243,243.0,0,0.0
45,SIAgent6,MALE_HIGH_INCOME,795,795.0,183,183.0
45,SIAgent3,FEMALE,3026,3026.0,0,0.0
45,SIAgent4,YOUNG_LOW_INCOME,1526,1526.0,194,194.0
45,SIAgent1,MALE_LOW_INCOME,1452,1452.0,153,153.0
45,SIAgent2,FEMALE_OLD_HIGH_INCOME,244,244.0,0,0.0
45,SIAgent0,YOUNG_LOW_INCOME,763,763.0,178,178.0
46,SIAgent10,MALE_OLD_HIGH_INCOME,323,323.0,245,245.0
46,SIAgent11,OLD,1082,1082.0,365,365.0
46,SIAgent12,FEMALE_HIGH_INCOME,265,265.0,84,84.0
46,WEAgent18,YOUNG,1835,1835.0,0,0.0
46,SIAgent13,FEMALE_YOUNG,894,894.0,4,4.0
46,WEAgent19,YOUNG_LOW_INCOME,763,763.0,0,0.0
46,WEAgent16,FEMALE,3026,3026.0,0,0.0
46,WEAgent17,YOUNG_HIGH_INCOME,463,463.0,460,460.0
46,WEAgent14,MALE_OLD_LOW_INCOME,359,359.0,0,0.0
46,WEAgent15,MALE_HIGH_INCOME,265,265.0,0,0.0
46,WEAgent12,MALE_LOW_INCOME,726,726.0,0,0.0
46,WEAgent13,FEMALE_OLD_LOW_INCOME,480,480.0,0,0.0
46,WEAgent9,LOW_INCOME,3204,3204.0,3154,3154.804000000031
46,WEAgent10,FEMALE_OLD_LOW_INCOME,480,480.0,0,0.0
46,WEAgent11,YOUNG_LOW_INCOME,2289,2289.0,0,0.0
46,WEAgent7,LOW_INCOME,4807,4807.0,4804,4804.816000000073
46,WEAgent8,MALE_LOW_INCOME,726,726.0,0,0.0
46,WEAgent1,LOW_INCOME,1602,1602.0,0,0.0
46,WEAgent2,MALE_LOW_INCOME,2178,2178.0,0,0.0
46,WEAgent0,FEMALE_OLD_HIGH_INCOME,81,81.0,0,0.0
46,SIAgent9,FEMALE_LOW_INCOME,2628,2628.0,4,4.0
46,WEAgent5,MALE_YOUNG_HIGH_INCOME,103,103.0,0,0.0
46,WEAgent6,FEMALE_OLD,1684,1684.0,0,0.0
46,SIAgent7,MALE_LOW_INCOME,726,726.0,5,5.0
46,WEAgent3,YOUNG_HIGH_INCOME,154,154.0,0,0.0
46,SIAgent8,FEMALE_HIGH_INCOME,132,132.0,84,84.0
46,WEAgent4,OLD_LOW_INCOME,839,839.0,0,0.0
46,SIAgent5,MALE_YOUNG_HIGH_INCOME,206,206.0,112,112.0
46,SIAgent6,YOUNG_HIGH_INCOME,463,463.0,114,114.0
46,SIAgent3,FEMALE_OLD,561,561.0,76,76.0
46,SIAgent4,MALE_YOUNG_HIGH_INCOME,310,310.0,110,110.0
46,SIAgent1,LOW_INCOME,1602,1602.0,10,10.0
46,SIAgent2,OLD_HIGH_INCOME,486,486.0,369,369.0
46,SIAgent0,FEMALE_OLD_LOW_INCOME,960,960.0,0,0.0
47,SIAgent10,MALE_YOUNG_LOW_INCOME,734,734.0,0,0.0
47,SIAgent11,FEMALE_OLD_HIGH_INCOME,162,162.0,63,63.0
47,SIAgent12,FEMALE_YOUNG_LOW_INCOME,1188,1188.0,0,0.0
47,WEAgent18,MALE_HIGH_INCOME,530,530.0,0,0.0
47,SIAgent13,MALE_LOW_INCOME,1452,1452.0,363,363.0
47,WEAgent19,LOW_INCOME,3204,3204.0,2633,2633.651000000005
47,WEAgent16,FEMALE_LOW_INCOME,2628,2628.0,1796,1797.7959999999646
47,WEAgent17,FEMALE_LOW_INCOME,876,876.0,0,0.0
47,WEAgent14,MALE_OLD_HIGH_INCOME,161,161.0,0,0.0
47,WEAgent15,MALE_YOUNG,1411,1411.0,0,0.0
47,WEAgent12,MALE_OLD_LOW_INCOME,1077,1077.0,0,0.0
47,WEAgent13,FEMALE_YOUNG_HIGH_INCOME,51,51.0,0,0.0
47,WEAgent9,YOUNG_LOW_INCOME,2289,2289.0,0,0.0
47,WEAgent10,FEMALE_OLD_HIGH_INCOME,81,81.0,0,0.0
47,WEAgent11,FEMALE_YOUNG_HIGH_INCOME,51,51.0,0,0.0
47,WEAgent7,FEMALE_YOUNG_HIGH_INCOME,51,51.0,0,0.0
47,WEAgent8,FEMALE_LOW_INCOME,2628,2628.0,1743,1744.7429999999658
47,WEAgent1,YOUNG_HIGH_INCOME,309,309.0,279,279.0530000000001
47,WEAgent2,FEMALE_OLD_HIGH_INCOME,81,81.0,0,0.0
47,WEAgent0,MALE_OLD,1561,1561.0,0,0.0
47,SIAgent9,OLD_LOW_INCOME,2517,2517.0,372,372.0
47,WEAgent5,YOUNG_LOW_INCOME,2289,2289.0,0,0.0
47,WEAgent6,HIGH_INCOME,795,795.0,0,0.0
47,SIAgent7,OLD,3246,3246.0,825,825.0
47,WEAgent3,MALE,991,991.0,0,0.0
47,SIAgent8,FEMALE_HIGH_INCOME,265,265.0,47,47.0
47,WEAgent4,MALE_YOUNG_HIGH_INCOME,206,206.0,465,58.05799999999995
47,SIAgent5,FEMALE_YOUNG_HIGH_INCOME,153,153.0,0,0.0
47,SIAgent6,OLD,3246,3246.0,847,847.0
47,SIAgent3,MALE_OLD_LOW_INCOME,1077,1077.0,398,398.0
47,SIAgent4,FEMALE_OLD,561,561.0,53,53.0
47,SIAgent1,FEMALE,2017,2017.0,58,58.0
47,SIAgent2,MALE_YOUNG_LOW_INCOME,1101,1101.0,0,0.0
47,SIAgent0,FEMALE_OLD,561,561.0,58,58.0
48,SIAgent10,FEMALE_OLD,561,561.0,171,171.0
48,SIAgent11,FEMALE_YOUNG,1341,1341.0,1321,816.0
48,SIAgent12,YOUNG,917,917.0,917,917.0
48,WEAgent18,OLD,1082,1082.0,0,0.0
48,SIAgent13,MALE_YOUNG_LOW_INCOME,367,367.0,216,216.0
48,WEAgent19,FEMALE_OLD_LOW_INCOME,1440,1440.0,0,0.0
48,WEAgent16,LOW_INCOME,1602,1602.0,1601,1601.4869999999917
48,WEAgent17,MALE_HIGH_INCOME,265,265.0,0,0.0
48,WEAgent14,MALE_OLD,1561,1561.0,0,0.0
48,WEAgent15,FEMALE_OLD_HIGH_INCOME,81,81.0,0,0.0
48,WEAgent12,FEMALE_OLD_HIGH_INCOME,81,81.0,0,0.0
48,WEAgent13,HIGH_INCOME,795,795.0,0,0.0
48,WEAgent9,OLD_LOW_INCOME,1678,1678.0,1677,1677.4659999999958
48,WEAgent10,FEMALE_OLD_HIGH_INCOME,244,244.0,0,0.0
48,WEAgent11,FEMALE_HIGH_INCOME,265,265.0,0,0.0
48,WEAgent7,MALE_YOUNG,1411,1411.0,0,0.0
48,WEAgent8,MALE_YOUNG,1411,1411.0,0,0.0
48,WEAgent1,HIGH_INCOME,795,795.0,0,0.0
48,WEAgent2,MALE_OLD_LOW_INCOME,1077,1077.0,0,0.0
48,WEAgent0,MALE_OLD,520,520.0,0,0.0
48,SIAgent9,OLD,3246,3246.0,1690,877.0
48,WEAgent5,MALE_OLD,1041,1041.0,0,0.0
48,WEAgent6,MALE_OLD,1561,1561.0,0,0.0
48,SIAgent7,MALE_YOUNG_HIGH_INCOME,310,310.0,131,131.0
48,WEAgent3,MALE_HIGH_INCOME,795,795.0,0,0.0
48,SIAgent8,FEMALE_HIGH_INCOME,397,397.0,108,108.0
48,WEAgent4,FEMALE_HIGH_INCOME,132,132.0,0,0.0
48,SIAgent5,FEMALE_HIGH_INCOME,265,265.0,113,113.0
48,SIAgent6,MALE_LOW_INCOME,2178,2178.0,919,919.0
48,SIAgent3,YOUNG_HIGH_INCOME,463,463.0,229,229.0
48,SIAgent4,FEMALE_OLD_HIGH_INCOME,244,244.0,67,67.0
48,SIAgent1,MALE_OLD_LOW_INCOME,359,359.0,359,359.0
48,SIAgent2,FEMALE_HIGH_INCOME,397,397.0,113,113.0
48,SIAgent0,MALE_YOUNG,941,941.0,368,368.0
49,SIAgent10,MALE_LOW_INCOME,2178,2178.0,13,13.0
49,SIAgent11,FEMALE_LOW_INCOME,2628,2628.0,6,6.0
49,SIAgent12,FEMALE,1008,1008.0,20,20.0
49,WEAgent18,FEMALE_LOW_INCOME,2628,2628.0,0,0.0
49,SIAgent13,FEMALE,3026,3026.0,8,8.0
49,WEAgent19,FEMALE_OLD_LOW_INCOME,960,960.0,0,0.0
49,WEAgent16,LOW_INCOME,3204,3204.0,3125,3125.8050000000226
49,WEAgent17,OLD_LOW_INCOME,2517,2517.0,0,0.0
49,WEAgent14,FEMALE_YOUNG_HIGH_INCOME,102,102.0,0,0.0
49,WEAgent15,FEMALE_YOUNG,894,894.0,0,0.0
49,WEAgent12,MALE_YOUNG_HIGH_INCOME,103,103.0,0,0.0
49,WEAgent13,LOW_INCOME,4807,4807.0,4806,4806.710000000053
49,WEAgent9,MALE_OLD_HIGH_INCOME,323,323.0,0,0.0
49,WEAgent10,FEMALE_OLD_LOW_INCOME,960,960.0,0,0.0
49,WEAgent11,MALE_OLD_HIGH_INCOME,161,161.0,0,0.0
49,WEAgent7,FEMALE_OLD_HIGH_INCOME,81,81.0,0,0.0
49,WEAgent8,MALE_OLD_HIGH_INCOME,323,323.0,0,0.0
49,WEAgent1,MALE_HIGH_INCOME,265,265.0,0,0.0
49,WEAgent2,MALE_YOUNG_LOW_INCOME,367,367.0,0,0.0
49,WEAgent0,YOUNG_HIGH_INCOME,309,309.0,0,0.0
49,SIAgent9,MALE_YOUNG_HIGH_INCOME,310,310.0,94,94.0
49,WEAgent5,YOUNG_HIGH_INCOME,463,463.0,463,463.0
49,WEAgent6,FEMALE_OLD_LOW_INCOME,960,960.0,0,0.0
49,SIAgent7,MALE,2973,2973.0,140,140.0
49,WEAgent3,OLD,1082,1082.0,1081,1081.001
49,SIAgent8,OLD_HIGH_INCOME,729,729.0,26,26.0
49,WEAgent4,FEMALE_OLD_HIGH_INCOME,244,244.0,0,0.0
49,SIAgent5,OLD_LOW_INCOME,2517,2517.0,16,16.0
49,SIAgent6,OLD_LOW_INCOME,1678,1678.0,16,16.0
49,SIAgent3,FEMALE_YOUNG,447,447.0,5,5.0
49,SIAgent4,FEMALE_HIGH_INCOME,397,397.0,7,7.0
49,SIAgent1,MALE_YOUNG_HIGH_INCOME,310,310.0,100,100.0
49,SIAgent2,OLD,1082,1082.0,43,43.0
49,SIAgent0,OLD_HIGH_INCOME,729,729.0,31,31.0
50,SIAgent10,MALE_HIGH_INCOME,265,265.0,47,47.0
50,SIAgent11,FEMALE_YOUNG,1341,1341.0,142,142.0
50,SIAgent12,MALE,991,991.0,53,53.0
50,WEAgent18,MALE,1982,1982.0,0,0.0
50,SIAgent13,HIGH_INCOME,795,795.0,181,181.0
50,WEAgent19,FEMALE_OLD_HIGH_INCOME,81,81.0,0,0.0
50,WEAgent16,FEMALE_YOUNG_LOW_INCOME,396,396.0,0,0.0
50,WEAgent17,MALE_OLD,520,520.0,0,0.0
50,WEAgent14,LOW_INCOME,3204,3204.0,1600,1601.5999999999692
50,WEAgent15,YOUNG_LOW_INCOME,1526,1526.0,0,0.0
50,WEAgent12,FEMALE_OLD,1123,1123.0,0,0.0
50,WEAgent13,LOW_INCOME,3204,3204.0,1596,1597.5959999999693
50,WEAgent9,OLD_HIGH_INCOME,243,243.0,0,0.0
50,WEAgent10,MALE_HIGH_INCOME,265,265.0,265,265.0
50,WEAgent11,FEMALE_YOUNG,447,447.0,0,0.0
50,WEAgent7,YOUNG,2753,2753.0,0,0.0
50,WEAgent8,OLD_LOW_INCOME,2517,2517.0,0,0.0
50,WEAgent1,OLD,3246,3246.0,3209,3209.234999999996
50,WEAgent2,MALE_LOW_INCOME,1452,1452.0,0,0.0
50,WEAgent0,FEMALE_OLD,561,561.0,0,0.0
50,SIAgent9,FEMALE_OLD_LOW_INCOME,1440,1440.0,401,401.0
50,WEAgent5,MALE_OLD_HIGH_INCOME,484,484.0,0,0.0
50,WEAgent6,FEMALE_LOW_INCOME,876,876.0,875,875.8529999999868
50,SIAgent7,MALE_YOUNG_HIGH_INCOME,103,103.0,57,57.0
50,WEAgent3,FEMALE_OLD_LOW_INCOME,960,960.0,0,0.0
50,SIAgent8,YOUNG_LOW_INCOME,1526,1526.0,0,0.0
50,WEAgent4,FEMALE_OLD,561,561.0,0,0.0
50,SIAgent5,OLD_LOW_INCOME,839,839.0,382,382.0
50,SIAgent6,MALE_OLD_LOW_INCOME,359,359.0,0,0.0
50,SIAgent3,FEMALE_OLD_LOW_INCOME,1440,1440.0,360,360.0
50,SIAgent4,MALE_YOUNG_HIGH_INCOME,206,206.0,53,53.0
50,SIAgent1,LOW_INCOME,3204,3204.0,353,353.0
50,SIAgent2,OLD,3246,3246.0,426,426.0
50,SIAgent0,MALE_LOW_INCOME,2178,2178.0,0,0.0
51,SIAgent10,MALE_LOW_INCOME,2178,2178.0,299,299.0
51,SIAgent11,MALE_OLD,520,520.0,19,0.0
51,SIAgent12,LOW_INCOME,1602,1602.0,1034,1034.0
51,WEAgent18,FEMALE_LOW_INCOME,876,876.0,875,875.2410000000008
51,SIAgent13,YOUNG,2753,2753.0,1137,1001.0
51,WEAgent19,FEMALE_YOUNG_HIGH_INCOME,102,102.0,0,0.0
51,WEAgent16,YOUNG_HIGH_INCOME,463,463.0,0,0.0
51,WEAgent17,FEMALE_OLD_HIGH_INCOME,162,162.0,0,0.0
51,WEAgent14,MALE_YOUNG_HIGH_INCOME,206,206.0,0,0.0
51,WEAgent15,MALE_YOUNG_LOW_INCOME,367,367.0,0,0.0
51,WEAgent12,MALE_YOUNG_HIGH_INCOME,103,103.0,0,0.0
51,WEAgent13,FEMALE_LOW_INCOME,1752,1752.0,0,0.0
51,WEAgent9,OLD_HIGH_INCOME,486,486.0,0,0.0
51,WEAgent10,OLD,3246,3246.0,3246,2836.2349999999965
51,WEAgent11,MALE_LOW_INCOME,726,726.0,0,0.0
51,WEAgent7,FEMALE_OLD,1684,1684.0,0,0.0
51,WEAgent8,FEMALE_HIGH_INCOME,397,397.0,0,0.0
51,WEAgent1,FEMALE_YOUNG,894,894.0,0,0.0
51,WEAgent2,YOUNG,917,917.0,0,0.0
51,WEAgent0,FEMALE_YOUNG_LOW_INCOME,396,396.0,0,0.0
51,SIAgent9,FEMALE_YOUNG_HIGH_INCOME,51,51.0,51,51.0
51,WEAgent5,FEMALE_OLD,1684,1684.0,0,0.0
51,WEAgent6,FEMALE_HIGH_INCOME,132,132.0,0,0.0
51,SIAgent7,OLD_LOW_INCOME,839,839.0,347,347.0
51,WEAgent3,FEMALE_YOUNG,894,894.0,0,0.0
51,SIAgent8,FEMALE_LOW_INCOME,2628,2628.0,709,709.0
51,WEAgent4,MALE_OLD_HIGH_INCOME,323,323.0,0,0.0
51,SIAgent5,MALE_OLD_LOW_INCOME,1077,1077.0,0,0.0
51,SIAgent6,FEMALE_LOW_INCOME,876,876.0,645,645.0
51,SIAgent3,MALE_LOW_INCOME,726,726.0,311,311.0
51,SIAgent4,FEMALE_YOUNG_LOW_INCOME,1188,1188.0,379,379.0
51,SIAgent1,MALE_YOUNG_HIGH_INCOME,206,206.0,162,162.0
51,SIAgent2,MALE_LOW_INCOME,726,726.0,305,305.0
51,SIAgent0,MALE_YOUNG,941,941.0,481,481.0
52,SIAgent10,YOUNG_LOW_INCOME,763,763.0,581,581.0
52,SIAgent11,MALE_HIGH_INCOME,265,265.0,265,265.0
52,SIAgent12,YOUNG_HIGH_INCOME,463,463.0,144,144.0
52,WEAgent18,FEMALE_YOUNG,447,447.0,0,0.0
52,SIAgent13,OLD_LOW_INCOME,1678,1678.0,1024,1024.0
52,WEAgent19,MALE,991,991.0,0,0.0
52,WEAgent16,MALE_OLD_LOW_INCOME,359,359.0,0,0.0
52,WEAgent17,YOUNG,2753,2753.0,0,0.0
52,WEAgent14,MALE_OLD_LOW_INCOME,359,359.0,0,0.0
52,WEAgent15,FEMALE_OLD_HIGH_INCOME,81,81.0,0,0.0
52,WEAgent12,YOUNG,1835,1835.0,0,0.0
52,WEAgent13,LOW_INCOME,1602,1602.0,0,0.0
52,WEAgent9,FEMALE_OLD_HIGH_INCOME,244,244.0,0,0.0
52,WEAgent10,MALE_YOUNG,941,941.0,0,0.0
52,WEAgent11,MALE_LOW_INCOME,726,726.0,0,0.0
52,WEAgent7,FEMALE_YOUNG,447,447.0,0,0.0
52,WEAgent8,HIGH_INCOME,397,397.0,0,0.0
52,WEAgent1,MALE_OLD,1561,1561.0,0,0.0
52,WEAgent2,YOUNG_HIGH_INCOME,154,154.0,0,0.0
52,WEAgent0,FEMALE_OLD,1123,1123.0,0,0.0
52,SIAgent9,YOUNG_LOW_INCOME,763,763.0,599,599.0
52,WEAgent5,FEMALE,1008,1008.0,1007,1007.0
52,WEAgent6,FEMALE_OLD_HIGH_INCOME,244,244.0,0,0.0
52,SIAgent7,FEMALE_YOUNG_LOW_INCOME,792,792.0,240,240.0
52,WEAgent3,MALE_OLD_LOW_INCOME,1077,1077.0,0,0.0
52,SIAgent8,MALE_YOUNG,1411,1411.0,510,510.0
52,WEAgent4,MALE_OLD,520,520.0,0,0.0
52,SIAgent5,FEMALE_YOUNG,894,894.0,211,211.0
52,SIAgent6,LOW_INCOME,4807,4807.0,1579,1579.0
52,SIAgent3,FEMALE_OLD_LOW_INCOME,960,960.0,406,406.0
52,SIAgent4,YOUNG_LOW_INCOME,1526,1526.0,618,618.0
52,SIAgent1,FEMALE_LOW_INCOME,1752,1752.0,648,648.0
52,SIAgent2,OLD,3246,3246.0,2007,1194.0
52,SIAgent0,MALE_YOUNG_HIGH_INCOME,310,310.0,161,161.0
53,SIAgent10,FEMALE_HIGH_INCOME,265,265.0,58,58.0
53,SIAgent11,OLD_HIGH_INCOME,486,486.0,10,10.0
53,SIAgent12,MALE_LOW_INCOME,726,726.0,726,726.0
53,WEAgent18,FEMALE,1008,1008.0,0,0.0
53,SIAgent13,FEMALE_YOUNG_LOW_INCOME,396,396.0,335,335.0
53,WEAgent19,FEMALE,2017,2017.0,0,0.0
53,WEAgent16,MALE,2973,2973.0,2946,2946.14
53,WEAgent17,FEMALE,1008,1008.0,0,0.0
53,WEAgent14,YOUNG_HIGH_INCOME,309,309.0,0,0.0
53,WEAgent15,MALE_HIGH_INCOME,530,530.0,0,0.0
53,WEAgent12,FEMALE_YOUNG,894,894.0,0,0.0
53,WEAgent13,FEMALE_YOUNG_HIGH_INCOME,51,51.0,0,0.0
53,WEAgent9,MALE_OLD_HIGH_INCOME,161,161.0,0,0.0
53,WEAgent10,FEMALE,2017,2017.0,0,0.0
53,WEAgent11,FEMALE_OLD_HIGH_INCOME,81,81.0,0,0.0
53,WEAgent7,MALE_LOW_INCOME,1452,1452.0,0,0.0
53,WEAgent8,OLD,2164,2164.0,2163,2163.1459999999984
53,WEAgent1,MALE_OLD_LOW_INCOME,359,359.0,0,0.0
53,WEAgent2,MALE_LOW_INCOME,726,726.0,0,0.0
53,WEAgent0,MALE_YOUNG_HIGH_INCOME,206,206.0,0,0.0
53,SIAgent9,FEMALE_HIGH_INCOME,265,265.0,62,62.0
53,WEAgent5,FEMALE_HIGH_INCOME,265,265.0,0,0.0
53,WEAgent6,MALE_YOUNG,1411,1411.0,0,0.0
53,SIAgent7,MALE_YOUNG_HIGH_INCOME,206,206.0,6,6.0
53,WEAgent3,MALE_OLD_LOW_INCOME,718,718.0,0,0.0
53,SIAgent8,FEMALE_LOW_INCOME,2628,2628.0,693,693.0
53,WEAgent4,FEMALE_YOUNG_LOW_INCOME,1188,1188.0,0,0.0
53,SIAgent5,FEMALE_YOUNG,894,894.0,402,402.0
53,SIAgent6,FEMALE_LOW_INCOME,1752,1752.0,699,699.0
53,SIAgent3,HIGH_INCOME,1192,1192.0,66,66.0
53,SIAgent4,OLD_HIGH_INCOME,486,486.0,10,10.0
53,SIAgent1,MALE_OLD_LOW_INCOME,718,718.0,11,0.0
53,SIAgent2,FEMALE_YOUNG,894,894.0,351,351.0
53,SIAgent0,YOUNG,1835,1835.0,1462,1094.0
54,SIAgent10,FEMALE_HIGH_INCOME,397,397.0,6,6.0
54,SIAgent11,OLD_HIGH_INCOME,486,486.0,3,3.0
54,SIAgent12,YOUNG,2753,2753.0,208,208.0
54,WEAgent18,OLD,3246,3246.0,3166,3166.3619999999946
54,SIAgent13,FEMALE_OLD_HIGH_INCOME,162,162.0,3,3.0
54,WEAgent19,MALE_OLD_HIGH_INCOME,161,161.0,0,0.0
54,WEAgent16,YOUNG_LOW_INCOME,763,763.0,0,0.0
54,WEAgent17,FEMALE_YOUNG,447,447.0,0,0.0
54,WEAgent14,MALE_HIGH_INCOME,795,795.0,0,0.0
54,WEAgent15,YOUNG_LOW_INCOME,2289,2289.0,0,0.0
54,WEAgent12,MALE_YOUNG_LOW_INCOME,367,367.0,0,0.0
54,WEAgent13,MALE_HIGH_INCOME,530,530.0,0,0.0
54,WEAgent9,HIGH_INCOME,1192,1192.0,0,0.0
54,WEAgent10,MALE,2973,2973.0,0,0.0
54,WEAgent11,MALE_OLD_HIGH_INCOME,161,161.0,0,0.0
54,WEAgent7,MALE_YOUNG,470,470.0,0,0.0
54,WEAgent8,LOW_INCOME,4807,4807.0,4800,4800.409999999993
54,WEAgent1,MALE_OLD_HIGH_INCOME,161,161.0,0,0.0
54,WEAgent2,FEMALE,2017,2017.0,0,0.0
54,WEAgent0,FEMALE,1008,1008.0,1007,1007.7519999999885
54,SIAgent9,OLD,2164,2164.0,8,8.0
54,WEAgent5,MALE_YOUNG,1411,1411.0,0,0.0
54,WEAgent6,FEMALE_YOUNG_HIGH_INCOME,102,102.0,0,0.0
54,SIAgent7,OLD_LOW_INCOME,2517,2517.0,6,6.0
54,WEAgent3,FEMALE_OLD,1123,1123.0,0,0.0
54,SIAgent8,FEMALE_YOUNG_LOW_INCOME,792,792.0,72,72.0
54,WEAgent4,FEMALE_LOW_INCOME,1752,1752.0,0,0.0
54,SIAgent5,FEMALE_LOW_INCOME,876,876.0,96,96.0
54,SIAgent6,MALE,1982,1982.0,136,136.0
54,SIAgent3,LOW_INCOME,4807,4807.0,96,96.0
54,SIAgent4,YOUNG,917,917.0,233,233.0
54,SIAgent1,OLD,3246,3246.0,5,5.0
54,SIAgent2,FEMALE_HIGH_INCOME,132,132.0,7,7.0
54,SIAgent0,HIGH_INCOME,397,397.0,148,148.0
55,SIAgent10,MALE_OLD,520,520.0,23,23.0
55,SIAgent11,YOUNG_LOW_INCOME,1526,1526.0,24,24.0
55,SIAgent12,MALE_OLD_LOW_INCOME,359,359.0,14,14.0
55,WEAgent18,LOW_INCOME,4807,4807.0,4784,4784.687000000046
55,SIAgent13,HIGH_INCOME,795,795.0,35,35.0
55,WEAgent19,OLD_HIGH_INCOME,486,486.0,0,0.0
55,WEAgent16,YOUNG_LOW_INCOME,1526,1526.0,0,0.0
55,WEAgent17,MALE_YOUNG_LOW_INCOME,1101,1101.0,0,0.0
55,WEAgent14,FEMALE_OLD_HIGH_INCOME,162,162.0,0,0.0
55,WEAgent15,MALE_YOUNG_HIGH_INCOME,206,206.0,0,0.0
55,WEAgent12,MALE_YOUNG,470,470.0,470,470.0
55,WEAgent13,MALE_YOUNG_LOW_INCOME,734,734.0,0,0.0
55,WEAgent9,MALE_YOUNG_LOW_INCOME,367,367.0,0,0.0
55,WEAgent10,MALE_OLD_LOW_INCOME,1077,1077.0,0,0.0
55,WEAgent11,OLD,3246,3246.0,3246,3246.0
55,WEAgent7,MALE_YOUNG_HIGH_INCOME,206,206.0,0,0.0
55,WEAgent8,FEMALE_HIGH_INCOME,397,397.0,0,0.0
55,WEAgent1,FEMALE_YOUNG,1341,1341.0,0,0.0
55,WEAgent2,HIGH_INCOME,1192,1192.0,0,0.0
55,WEAgent0,MALE_OLD_LOW_INCOME,359,359.0,0,0.0
55,SIAgent9,OLD_HIGH_INCOME,486,486.0,7,7.0
55,WEAgent5,MALE_YOUNG_HIGH_INCOME,206,206.0,0,0.0
55,WEAgent6,MALE_YOUNG_HIGH_INCOME,103,103.0,0,0.0
55,SIAgent7,FEMALE_YOUNG,447,447.0,23,23.0
55,WEAgent3,YOUNG,1835,1835.0,0,0.0
55,SIAgent8,FEMALE_OLD,1684,1684.0,111,111.0
55,WEAgent4,FEMALE_YOUNG,894,894.0,892,892.6379999999906
55,SIAgent5,FEMALE,3026,3026.0,144,144.0
55,SIAgent6,MALE_OLD,1041,1041.0,20,20.0
55,SIAgent3,FEMALE_YOUNG_HIGH_INCOME,51,51.0,0,0.0
55,SIAgent4,FEMALE_LOW_INCOME,1752,1752.0,132,132.0
55,SIAgent1,MALE,1982,1982.0,51,51.0
55,SIAgent2,FEMALE_HIGH_INCOME,397,397.0,3,3.0
55,SIAgent0,YOUNG_LOW_INCOME,763,763.0,21,21.0
56,SIAgent10,OLD,3246,3246.0,560,560.0
56,SIAgent11,FEMALE,1008,1008.0,715,715.0
56,SIAgent12,FEMALE_YOUNG_HIGH_INCOME,102,102.0,0,0.0
56,WEAgent18,FEMALE_LOW_INCOME,1752,1752.0,0,0.0
56,SIAgent13,MALE,2973,2973.0,99,99.0
56,WEAgent19,FEMALE_YOUNG_LOW_INCOME,792,792.0,0,0.0
56,WEAgent16,OLD_LOW_INCOME,1678,1678.0,0,0.0
56,WEAgent17,MALE_YOUNG_LOW_INCOME,367,367.0,0,0.0
56,WEAgent14,YOUNG,1835,1835.0,0,0.0
56,WEAgent15,HIGH_INCOME,397,397.0,0,0.0
56,WEAgent12,MALE_YOUNG_HIGH_INCOME,206,206.0,0,0.0
56,WEAgent13,FEMALE,2017,2017.0,0,0.0
56,WEAgent9,OLD,3246,3246.0,3197,3197.0
56,WEAgent10,MALE_YOUNG,1411,1411.0,0,0.0
56,WEAgent11,MALE_HIGH_INCOME,265,265.0,0,0.0
56,WEAgent7,YOUNG_HIGH_INCOME,463,463.0,457,457.0
56,WEAgent8,YOUNG_LOW_INCOME,763,763.0,0,0.0
56,WEAgent1,LOW_INCOME,3204,3204.0,3204,3204.0
56,WEAgent2,MALE_OLD_HIGH_INCOME,161,161.0,0,0.0
56,WEAgent0,FEMALE_YOUNG_HIGH_INCOME,102,102.0,0,0.0
56,SIAgent9,YOUNG_HIGH_INCOME,309,309.0,67,67.0
56,WEAgent5,MALE_HIGH_INCOME,795,795.0,0,0.0
56,WEAgent6,FEMALE_YOUNG,894,894.0,0,0.0
56,SIAgent7,MALE,991,991.0,69,69.0
56,WEAgent3,MALE_OLD_HIGH_INCOME,484,484.0,0,0.0
56,SIAgent8,FEMALE_OLD_HIGH_INCOME,162,162.0,4,4.0
56,WEAgent4,MALE_OLD_HIGH_INCOME,484,484.0,0,0.0
56,SIAgent5,YOUNG,917,917.0,202,202.0
56,SIAgent6,FEMALE_LOW_INCOME,2628,2628.0,610,610.0
56,SIAgent3,OLD_LOW_INCOME,2517,2517.0,520,520.0
56,SIAgent4,FEMALE_YOUNG_LOW_INCOME,792,792.0,95,95.0
56,SIAgent1,FEMALE_YOUNG,894,894.0,93,93.0
56,SIAgent2,YOUNG_LOW_INCOME,1526,1526.0,103,103.0
56,SIAgent0,MALE_OLD,1041,1041.0,5,5.0
57,SIAgent10,MALE_YOUNG_HIGH_INCOME,310,310.0,76,76.0
57,SIAgent11,YOUNG,917,917.0,71,71.0
57,SIAgent12,MALE_YOUNG_HIGH_INCOME,103,103.0,70,70.0
57,WEAgent18,MALE_LOW_INCOME,2178,2178.0,0,0.0
57,SIAgent13,LOW_INCOME,4807,4807.0,0,0.0
57,WEAgent19,MALE_OLD,520,520.0,0,0.0
57,WEAgent16,MALE_HIGH_INCOME,530,530.0,0,0.0
57,WEAgent17,YOUNG_LOW_INCOME,763,763.0,0,0.0
57,WEAgent14,FEMALE_YOUNG,894,894.0,0,0.0
57,WEAgent15,FEMALE_OLD,1684,1684.0,0,0.0
57,WEAgent12,FEMALE,1008,1008.0,882,882.8819999999861
57,WEAgent13,FEMALE_OLD_HIGH_INCOME,81,81.0,0,0.0
57,WEAgent9,YOUNG_HIGH_INCOME,154,154.0,0,0.0
57,WEAgent10,MALE_YOUNG_LOW_INCOME,367,367.0,0,0.0
57,WEAgent11,MALE_YOUNG_HIGH_INCOME,206,206.0,0,0.0
57,WEAgent7,FEMALE,1008,1008.0,899,899.8989999999857
57,WEAgent8,OLD,2164,2164.0,0,0.0
57,WEAgent1,YOUNG,1835,1835.0,0,0.0
57,WEAgent2,LOW_INCOME,4807,4807.0,2318,2320.3180000000143
57,WEAgent0,OLD,3246,3246.0,2923,2923.389999999994
57,SIAgent9,MALE_LOW_INCOME,726,726.0,0,0.0
57,WEAgent5,YOUNG,2753,2753.0,0,0.0
57,WEAgent6,LOW_INCOME,4807,4807.0,2476,2478.4760000000465
57,SIAgent7,OLD_HIGH_INCOME,729,729.0,10,10.0
57,WEAgent3,FEMALE_HIGH_INCOME,265,265.0,0,0.0
57,SIAgent8,MALE_LOW_INCOME,1452,1452.0,0,0.0
57,WEAgent4,MALE_LOW_INCOME,726,726.0,0,0.0
57,SIAgent5,HIGH_INCOME,397,397.0,107,107.0
57,SIAgent6,YOUNG_HIGH_INCOME,463,463.0,75,75.0
57,SIAgent3,MALE_OLD_HIGH_INCOME,323,323.0,12,12.0
57,SIAgent4,FEMALE_LOW_INCOME,1752,1752.0,0,0.0
57,SIAgent1,FEMALE_YOUNG,447,447.0,0,0.0
57,SIAgent2,FEMALE_YOUNG_HIGH_INCOME,153,153.0,0,0.0
57,SIAgent0,MALE_YOUNG_HIGH_INCOME,103,103.0,81,81.0
58,SIAgent10,YOUNG_LOW_INCOME,2289,2289.0,530,530.0
58,SIAgent11,FEMALE_HIGH_INCOME,265,265.0,139,139.0
58,SIAgent12,FEMALE,1008,1008.0,517,517.0
58,WEAgent18,FEMALE_YOUNG_LOW_INCOME,396,396.0,0,0.0
58,SIAgent13,MALE_LOW_INCOME,2178,2178.0,549,404.0
58,WEAgent19,MALE_YOUNG_HIGH_INCOME,206,206.0,0,0.0
58,WEAgent16,MALE_HIGH_INCOME,530,530.0,474,474.27600000000035
58,WEAgent17,FEMALE_OLD_LOW_INCOME,960,960.0,0,0.0
58,WEAgent14,FEMALE_YOUNG_HIGH_INCOME,51,51.0,0,0.0
58,WEAgent15,OLD_LOW_INCOME,1678,1678.0,1678,1678.0
58,WEAgent12,MALE_OLD,1041,1041.0,0,0.0
58,WEAgent13,FEMALE_HIGH_INCOME,397,397.0,0,0.0
58,WEAgent9,OLD_LOW_INCOME,839,839.0,0,0.0
58,WEAgent10,FEMALE_HIGH_INCOME,397,397.0,0,0.0
58,WEAgent11,FEMALE_OLD_LOW_INCOME,1440,1440.0,1439,1439.4909999999952
58,WEAgent7,FEMALE_YOUNG_LOW_INCOME,792,792.0,0,0.0
58,WEAgent8,YOUNG,917,917.0,0,0.0
58,WEAgent1,MALE_YOUNG_HIGH_INCOME,103,103.0,0,0.0
58,WEAgent2,FEMALE_OLD_LOW_INCOME,480,480.0,479,479.47899999999555
58,WEAgent0,MALE_OLD_LOW_INCOME,1077,1077.0,0,0.0
58,SIAgent9,OLD_HIGH_INCOME,243,243.0,79,79.0
58,WEAgent5,MALE_OLD_LOW_INCOME,359,359.0,0,0.0
58,WEAgent6,FEMALE_YOUNG_HIGH_INCOME,153,153.0,0,0.0
58,SIAgent7,MALE_YOUNG_LOW_INCOME,1101,1101.0,336,336.0
58,WEAgent3,YOUNG_LOW_INCOME,1526,1526.0,1526,1526.0
58,SIAgent8,FEMALE_YOUNG,447,447.0,191,191.0
58,WEAgent4,HIGH_INCOME,795,795.0,794,794.2769999999964
58,SIAgent5,MALE_YOUNG_LOW_INCOME,1101,1101.0,352,352.0
58,SIAgent6,OLD_HIGH_INCOME,243,243.0,62,62.0
58,SIAgent3,FEMALE_LOW_INCOME,876,876.0,337,337.0
58,SIAgent4,MALE_OLD_HIGH_INCOME,484,484.0,0,0.0
58,SIAgent1,MALE_HIGH_INCOME,530,530.0,11,0.0
58,SIAgent2,FEMALE_HIGH_INCOME,397,397.0,140,140.0
58,SIAgent0,MALE_YOUNG_LOW_INCOME,367,367.0,367,367.0
59,SIAgent10,FEMALE_OLD_HIGH_INCOME,162,162.0,0,0.0
59,SIAgent11,MALE_OLD_HIGH_INCOME,323,323.0,0,0.0
59,SIAgent12,MALE_HIGH_INCOME,265,265.0,7,7.0
59,WEAgent18,YOUNG_LOW_INCOME,763,763.0,0,0.0
59,SIAgent13,MALE_HIGH_INCOME,530,530.0,6,6.0
59,WEAgent19,YOUNG,2753,2753.0,0,0.0
59,WEAgent16,MALE,2973,2973.0,0,0.0
59,WEAgent17,OLD_HIGH_INCOME,243,243.0,0,0.0
59,WEAgent14,YOUNG_HIGH_INCOME,463,463.0,463,463.0
59,WEAgent15,HIGH_INCOME,1192,1192.0,0,0.0
59,WEAgent12,MALE_YOUNG_HIGH_INCOME,103,103.0,0,0.0
59,WEAgent13,FEMALE_HIGH_INCOME,265,265.0,0,0.0
59,WEAgent9,OLD,3246,3246.0,3136,3136.2349999999956
59,WEAgent10,FEMALE_OLD,1123,1123.0,698,698.6979999999904
59,WEAgent11,OLD_HIGH_INCOME,729,729.0,0,0.0
59,WEAgent7,FEMALE,3026,3026.0,3037,986.7299999999877
59,WEAgent8,MALE_HIGH_INCOME,265,265.0,0,0.0
59,WEAgent1,YOUNG_LOW_INCOME,1526,1526.0,1526,1526.0
59,WEAgent2,FEMALE_OLD_LOW_INCOME,960,960.0,0,0.0
59,WEAgent0,FEMALE_OLD_HIGH_INCOME,244,244.0,0,0.0
59,SIAgent9,MALE_YOUNG_LOW_INCOME,734,734.0,182,182.0
59,WEAgent5,MALE_YOUNG_LOW_INCOME,734,734.0,0,0.0
59,WEAgent6,FEMALE_OLD,1123,1123.0,701,701.7009999999904
59,SIAgent7,FEMALE_HIGH_INCOME,265,265.0,5,5.0
59,WEAgent3,MALE,991,991.0,0,0.0
59,SIAgent8,YOUNG_HIGH_INCOME,309,309.0,8,8.0
59,WEAgent4,FEMALE_HIGH_INCOME,397,397.0,0,0.0
59,SIAgent5,FEMALE_HIGH_INCOME,265,265.0,6,6.0
59,SIAgent6,MALE_YOUNG_HIGH_INCOME,310,310.0,6,6.0
59,SIAgent3,MALE_LOW_INCOME,1452,1452.0,192,192.0
59,SIAgent4,FEMALE_OLD,1684,1684.0,0,0.0
59,SIAgent1,YOUNG_HIGH_INCOME,309,309.0,20,20.0
59,SIAgent2,MALE_YOUNG_HIGH_INCOME,103,103.0,7,7.0
59,SIAgent0,OLD,3246,3246.0,0,0.0
60,SIAgent10,MALE_YOUNG_HIGH_INCOME,103,103.0,103,103.0
60,SIAgent11,MALE_OLD,1561,1561.0,551,551.0
60,SIAgent12,YOUNG_HIGH_INCOME,154,154.0,154,154.0
60,WEAgent18,MALE_HIGH_INCOME,795,795.0,0,0.0
60,SIAgent13,OLD,3246,3246.0,903,903.0
60,WEAgent19,LOW_INCOME,1602,1602.0,0,0.0
60,WEAgent16,YOUNG,917,917.0,0,0.0
60,WEAgent17,MALE_YOUNG,941,941.0,0,0.0
60,WEAgent14,FEMALE_OLD_HIGH_INCOME,162,162.0,0,0.0
60,WEAgent15,FEMALE_HIGH_INCOME,397,397.0,0,0.0
60,WEAgent12,FEMALE_YOUNG,894,894.0,0,0.0
60,WEAgent13,MALE_LOW_INCOME,2178,2178.0,0,0.0
60,WEAgent9,MALE_OLD,1041,1041.0,0,0.0
60,WEAgent10,MALE_YOUNG_LOW_INCOME,367,367.0,0,0.0
60,WEAgent11,FEMALE_OLD,1123,1123.0,0,0.0
60,WEAgent7,MALE_OLD,1561,1561.0,0,0.0
60,WEAgent8,FEMALE_HIGH_INCOME,132,132.0,0,0.0
60,WEAgent1,FEMALE_LOW_INCOME,1752,1752.0,1751,1751.1970000000006
60,WEAgent2,MALE_OLD_LOW_INCOME,718,718.0,0,0.0
60,WEAgent0,FEMALE,2017,2017.0,2016,2016.1799999999982
60,SIAgent9,MALE_LOW_INCOME,726,726.0,726,726.0
60,WEAgent5,YOUNG,1835,1835.0,0,0.0
60,WEAgent6,LOW_INCOME,1602,1602.0,0,0.0
60,SIAgent7,FEMALE_YOUNG_HIGH_INCOME,153,153.0,48,48.0
60,WEAgent3,MALE_YOUNG,941,941.0,0,0.0
60,SIAgent8,FEMALE_HIGH_INCOME,397,397.0,137,137.0
60,WEAgent4,FEMALE_OLD,1123,1123.0,0,0.0
60,SIAgent5,YOUNG,2753,2753.0,1779,729.0
60,SIAgent6,MALE_OLD_HIGH_INCOME,323,323.0,171,171.0
60,SIAgent3,MALE_OLD,1561,1561.0,539,539.0
60,SIAgent4,MALE_OLD_LOW_INCOME,718,718.0,415,415.0
60,SIAgent1,FEMALE,1008,1008.0,419,419.0
60,SIAgent2,FEMALE_YOUNG_HIGH_INCOME,102,102.0,49,49.0
60,SIAgent0,OLD_HIGH_INCOME,486,486.0,239,239.0
61,SIAgent10,YOUNG_LOW_INCOME,763,763.0,141,141.0
61,SIAgent11,OLD_LOW_INCOME,839,839.0,248,248.0
61,SIAgent12,MALE_HIGH_INCOME,265,265.0,63,63.0
61,WEAgent18,FEMALE_YOUNG,1341,1341.0,0,0.0
61,SIAgent13,FEMALE_YOUNG,447,447.0,175,175.0
61,WEAgent19,FEMALE_HIGH_INCOME,265,265.0,0,0.0
61,WEAgent16,YOUNG_LOW_INCOME,2289,2289.0,0,0.0
61,WEAgent17,YOUNG_LOW_INCOME,1526,1526.0,0,0.0
61,WEAgent14,YOUNG_HIGH_INCOME,154,154.0,0,0.0
61,WEAgent15,LOW_INCOME,1602,1602.0,0,0.0
61,WEAgent12,HIGH_INCOME,1192,1192.0,1176,1176.0
61,WEAgent13,MALE_LOW_INCOME,2178,2178.0,0,0.0
61,WEAgent9,FEMALE_OLD,1123,1123.0,0,0.0
61,WEAgent10,FEMALE,1008,1008.0,0,0.0
61,WEAgent11,YOUNG,2753,2753.0,0,0.0
61,WEAgent7,LOW_INCOME,4807,4807.0,4727,4727.0
61,WEAgent8,FEMALE_LOW_INCOME,1752,1752.0,1752,1752.0
61,WEAgent1,HIGH_INCOME,795,795.0,0,0.0
61,WEAgent2,FEMALE_OLD,1123,1123.0,0,0.0
61,WEAgent0,MALE_HIGH_INCOME,795,795.0,0,0.0
61,SIAgent9,FEMALE_YOUNG_HIGH_INCOME,153,153.0,22,22.0
61,WEAgent5,MALE_YOUNG_HIGH_INCOME,206,206.0,0,0.0
61,WEAgent6,MALE_OLD_HIGH_INCOME,161,161.0,0,0.0
61,SIAgent7,FEMALE_YOUNG,1341,1341.0,170,170.0
61,WEAgent3,MALE_HIGH_INCOME,265,265.0,0,0.0
61,SIAgent8,HIGH_INCOME,1192,1192.0,213,213.0
61,WEAgent4,FEMALE_YOUNG,894,894.0,0,0.0
61,SIAgent5,FEMALE,2017,2017.0,528,528.0
61,SIAgent6,FEMALE_HIGH_INCOME,397,397.0,166,166.0
61,SIAgent3,MALE_HIGH_INCOME,530,530.0,56,56.0
61,SIAgent4,YOUNG,917,917.0,172,172.0
61,SIAgent1,FEMALE_YOUNG,894,894.0,154,154.0
61,SIAgent2,YOUNG_HIGH_INCOME,309,309.0,20,20.0
61,SIAgent0,FEMALE_OLD_LOW_INCOME,1440,1440.0,217,217.0
62,SIAgent10,MALE_YOUNG_LOW_INCOME,1101,1101.0,11,11.0
62,SIAgent11,FEMALE_YOUNG,1341,1341.0,2,2.0
62,SIAgent12,OLD,1082,1082.0,80,80.0
62,WEAgent18,MALE_OLD,520,520.0,0,0.0
62,SIAgent13,MALE_OLD_HIGH_INCOME,484,484.0,2,2.0
62,WEAgent19,FEMALE_YOUNG,894,894.0,0,0.0
62,WEAgent16,FEMALE_LOW_INCOME,2628,2628.0,2609,2609.929000000005
62,WEAgent17,OLD_LOW_INCOME,1678,1678.0,1676,1677.4299999999732
62,WEAgent14,FEMALE_YOUNG_HIGH_INCOME,51,51.0,0,0.0
62,WEAgent15,OLD_LOW_INCOME,839,839.0,0,0.0
62,WEAgent12,FEMALE_YOUNG_HIGH_INCOME,102,102.0,0,0.0
62,WEAgent13,MALE_LOW_INCOME,726,726.0,0,0.0
62,WEAgent9,FEMALE_OLD_LOW_INCOME,480,480.0,479,479.47899999999555
62,WEAgent10,HIGH_INCOME,397,397.0,397,397.0
62,WEAgent11,FEMALE_HIGH_INCOME,265,265.0,0,0.0
62,WEAgent7,MALE_LOW_INCOME,1452,1452.0,0,0.0
62,WEAgent8,YOUNG_HIGH_INCOME,154,154.0,0,0.0
62,WEAgent1,YOUNG,2753,2753.0,2750,2750.142999999998
62,WEAgent2,MALE,1982,1982.0,1847,1847.6379999999888
62,WEAgent0,FEMALE_YOUNG,894,894.0,0,0.0
62,SIAgent9,FEMALE,2017,2017.0,84,84.0
62,WEAgent5,MALE_OLD_HIGH_INCOME,323,323.0,0,0.0
62,WEAgent6,YOUNG_LOW_INCOME,2289,2289.0,0,0.0
62,SIAgent7,MALE_YOUNG,941,941.0,12,12.0
62,WEAgent3,FEMALE_YOUNG_LOW_INCOME,792,792.0,0,0.0
62,SIAgent8,MALE_YOUNG_LOW_INCOME,367,367.0,17,17.0
62,WEAgent4,FEMALE_YOUNG_LOW_INCOME,1188,1188.0,0,0.0
62,SIAgent5,MALE_OLD_HIGH_INCOME,323,323.0,0,0.0
62,SIAgent6,MALE_YOUNG_HIGH_INCOME,103,103.0,0,0.0
62,SIAgent3,YOUNG_LOW_INCOME,763,763.0,9,9.0
62,SIAgent4,MALE_LOW_INCOME,2178,2178.0,8,8.0
62,SIAgent1,MALE_HIGH_INCOME,265,265.0,2,2.0
62,SIAgent2,MALE_OLD_HIGH_INCOME,323,323.0,4,4.0
62,SIAgent0,MALE_LOW_INCOME,2178,2178.0,11,11.0
63,SIAgent10,FEMALE,3026,3026.0,986,986.0
63,SIAgent11,FEMALE_HIGH_INCOME,397,397.0,136,136.0
63,SIAgent12,MALE_OLD,1041,1041.0,1041,1041.0
63,WEAgent18,MALE_OLD_LOW_INCOME,1077,1077.0,0,0.0
63,SIAgent13,YOUNG,2753,2753.0,823,823.0
63,WEAgent19,MALE_YOUNG_LOW_INCOME,367,367.0,0,0.0
63,WEAgent16,FEMALE_YOUNG_HIGH_INCOME,51,51.0,0,0.0
63,WEAgent17,MALE_LOW_INCOME,726,726.0,725,725.4829999999954
63,WEAgent14,OLD_HIGH_INCOME,486,486.0,0,0.0
63,WEAgent15,FEMALE_OLD,1123,1123.0,0,0.0
63,WEAgent12,MALE,991,991.0,950,950.3639999999938
63,WEAgent13,FEMALE_LOW_INCOME,1752,1752.0,1752,1752.0
63,WEAgent9,FEMALE_OLD_LOW_INCOME,960,960.0,0,0.0
63,WEAgent10,FEMALE_OLD_LOW_INCOME,960,960.0,0,0.0
63,WEAgent11,YOUNG_HIGH_INCOME,463,463.0,0,0.0
63,WEAgent7,MALE_YOUNG_HIGH_INCOME,310,310.0,0,0.0
63,WEAgent8,FEMALE_OLD_HIGH_INCOME,81,81.0,0,0.0
63,WEAgent1,FEMALE_YOUNG_LOW_INCOME,792,792.0,0,0.0
63,WEAgent2,FEMALE_OLD_HIGH_INCOME,162,162.0,0,0.0
63,WEAgent0,MALE_YOUNG,470,470.0,469,469.4689999999958
63,SIAgent9,FEMALE_OLD_LOW_INCOME,1440,1440.0,193,193.0
63,WEAgent5,FEMALE_YOUNG_LOW_INCOME,792,792.0,0,0.0
63,WEAgent6,FEMALE_YOUNG_LOW_INCOME,396,396.0,0,0.0
63,SIAgent7,YOUNG_HIGH_INCOME,154,154.0,47,47.0
63,WEAgent3,FEMALE_HIGH_INCOME,265,265.0,0,0.0
63,SIAgent8,FEMALE_OLD,1684,1684.0,301,301.0
63,WEAgent4,YOUNG,2753,2753.0,0,0.0
63,SIAgent5,MALE_HIGH_INCOME,795,795.0,171,171.0
63,SIAgent6,FEMALE_YOUNG_HIGH_INCOME,51,51.0,29,29.0
63,SIAgent3,HIGH_INCOME,795,795.0,315,315.0
63,SIAgent4,MALE_HIGH_INCOME,265,265.0,186,186.0
63,SIAgent1,MALE_YOUNG_HIGH_INCOME,310,310.0,0,0.0
63,SIAgent2,YOUNG_LOW_INCOME,2289,2289.0,803,803.0
63,SIAgent0,MALE_LOW_INCOME,1452,1452.0,1073,930.0
64,SIAgent10,FEMALE_HIGH_INCOME,397,397.0,0,0.0
64,SIAgent11,MALE_HIGH_INCOME,795,795.0,166,166.0
64,SIAgent12,LOW_INCOME,3204,3204.0,787,787.0
64,WEAgent18,HIGH_INCOME,1192,1192.0,0,0.0
64,SIAgent13,FEMALE_LOW_INCOME,2628,2628.0,261,261.0
64,WEAgent19,FEMALE_OLD_LOW_INCOME,480,480.0,0,0.0
64,WEAgent16,OLD_LOW_INCOME,2517,2517.0,0,0.0
64,WEAgent17,FEMALE_YOUNG_LOW_INCOME,792,792.0,0,0.0
64,WEAgent14,LOW_INCOME,1602,1602.0,0,0.0
64,WEAgent15,MALE,1982,1982.0,0,0.0
64,WEAgent12,YOUNG_LOW_INCOME,763,763.0,0,0.0
64,WEAgent13,HIGH_INCOME,397,397.0,0,0.0
64,WEAgent9,YOUNG_HIGH_INCOME,309,309.0,0,0.0
64,WEAgent10,HIGH_INCOME,1192,1192.0,0,0.0
64,WEAgent11,FEMALE_HIGH_INCOME,265,265.0,0,0.0
64,WEAgent7,YOUNG_LOW_INCOME,1526,1526.0,0,0.0
64,WEAgent8,MALE_HIGH_INCOME,530,530.0,0,0.0
64,WEAgent1,OLD,1082,1082.0,0,0.0
64,WEAgent2,FEMALE,1008,1008.0,993,993.3699999999939
64,WEAgent0,OLD_HIGH_INCOME,729,729.0,0,0.0
64,SIAgent9,YOUNG,917,917.0,714,714.0
64,WEAgent5,FEMALE_OLD_LOW_INCOME,480,480.0,0,0.0
64,WEAgent6,OLD,3246,3246.0,3202,3202.389999999995
64,SIAgent7,MALE_OLD_LOW_INCOME,718,718.0,245,245.0
64,WEAgent3,FEMALE_YOUNG_HIGH_INCOME,153,153.0,0,0.0
64,SIAgent8,MALE,1982,1982.0,686,686.0
64,WEAgent4,OLD_LOW_INCOME,1678,1678.0,0,0.0
64,SIAgent5,FEMALE_OLD,561,561.0,0,0.0
64,SIAgent6,LOW_INCOME,1602,1602.0,718,718.0
64,SIAgent3,MALE_LOW_INCOME,1452,1452.0,488,488.0
64,SIAgent4,OLD,3246,3246.0,233,233.0
64,SIAgent1,FEMALE_OLD,1684,1684.0,0,0.0
64,SIAgent2,LOW_INCOME,1602,1602.0,714,714.0
64,SIAgent0,LOW_INCOME,4807,4807.0,793,793.0
65,SIAgent10,MALE_OLD_HIGH_INCOME,323,323.0,0,0.0
65,SIAgent11,FEMALE_YOUNG,894,894.0,352,352.0
65,SIAgent12,OLD_LOW_INCOME,2517,2517.0,490,490.0
65,WEAgent18,YOUNG_LOW_INCOME,2289,2289.0,0,0.0
65,SIAgent13,YOUNG,2753,2753.0,883,883.0
65,WEAgent19,MALE_OLD,1561,1561.0,0,0.0
65,WEAgent16,MALE_OLD_LOW_INCOME,359,359.0,0,0.0
65,WEAgent17,FEMALE_YOUNG_LOW_INCOME,1188,1188.0,0,0.0
65,WEAgent14,MALE_YOUNG_LOW_INCOME,1101,1101.0,0,0.0
65,WEAgent15,FEMALE_YOUNG_LOW_INCOME,792,792.0,0,0.0
65,WEAgent12,MALE_YOUNG_HIGH_INCOME,206,206.0,0,0.0
65,WEAgent13,YOUNG_HIGH_INCOME,309,309.0,0,0.0
65,WEAgent9,MALE_LOW_INCOME,1452,1452.0,0,0.0
65,WEAgent10,MALE_OLD,520,520.0,0,0.0
65,WEAgent11,YOUNG,917,917.0,0,0.0
65,WEAgent7,MALE_HIGH_INCOME,795,795.0,795,795.0
65,WEAgent8,FEMALE_OLD_HIGH_INCOME,244,244.0,0,0.0
65,WEAgent1,MALE_YOUNG,470,470.0,0,0.0
65,WEAgent2,FEMALE,2017,2017.0,2016,2016.9699999999793
65,WEAgent0,FEMALE_OLD_HIGH_INCOME,244,244.0,0,0.0
65,SIAgent9,YOUNG_LOW_INCOME,2289,2289.0,609,609.0
65,WEAgent5,FEMALE_YOUNG_LOW_INCOME,792,792.0,0,0.0
65,WEAgent6,FEMALE,1008,1008.0,1006,1007.0059999999831
65,SIAgent7,FEMALE_YOUNG,1341,1341.0,372,372.0
65,WEAgent3,FEMALE_HIGH_INCOME,132,132.0,0,0.0
65,SIAgent8,MALE_YOUNG_HIGH_INCOME,206,206.0,158,158.0
65,WEAgent4,MALE_OLD,1561,1561.0,0,0.0
65,SIAgent5,LOW_INCOME,3204,3204.0,1174,1174.0
65,SIAgent6,MALE_OLD,1561,1561.0,457,457.0
65,SIAgent3,FEMALE_OLD,561,561.0,74,74.0
65,SIAgent4,MALE_OLD_HIGH_INCOME,323,323.0,1,1.0
65,SIAgent1,FEMALE_OLD,561,561.0,56,56.0
65,SIAgent2,MALE,2973,2973.0,1007,1007.0
65,SIAgent0,YOUNG_LOW_INCOME,2289,2289.0,550,550.0
66,SIAgent10,FEMALE_OLD_HIGH_INCOME,81,81.0,0,0.0
66,SIAgent11,FEMALE_OLD_LOW_INCOME,1440,1440.0,0,0.0
66,SIAgent12,YOUNG_LOW_INCOME,763,763.0,17,17.0
66,WEAgent18,OLD_HIGH_INCOME,243,243.0,242,242.2420000000008
66,SIAgent13,MALE_LOW_INCOME,1452,1452.0,2,2.0
66,WEAgent19,OLD,1082,1082.0,0,0.0
66,WEAgent16,FEMALE_YOUNG,894,894.0,0,0.0
66,WEAgent17,MALE_LOW_INCOME,1452,1452.0,0,0.0
66,WEAgent14,OLD_HIGH_INCOME,243,243.0,322,236.23600000000076
66,WEAgent15,OLD_HIGH_INCOME,243,243.0,242,242.2420000000008
66,WEAgent12,FEMALE,2017,2017.0,1978,1979.353999999973
66,WEAgent13,FEMALE_HIGH_INCOME,132,132.0,0,0.0
66,WEAgent9,FEMALE_HIGH_INCOME,132,132.0,0,0.0
66,WEAgent10,LOW_INCOME,4807,4807.0,4787,4787.852000000071
66,WEAgent11,FEMALE_LOW_INCOME,1752,1752.0,903,903.9029999999856
66,WEAgent7,OLD_LOW_INCOME,839,839.0,0,0.0
66,WEAgent8,FEMALE_YOUNG,1341,1341.0,0,0.0
66,WEAgent1,FEMALE_YOUNG_LOW_INCOME,792,792.0,0,0.0
66,WEAgent2,MALE,2973,2973.0,0,0.0
66,WEAgent0,FEMALE_LOW_INCOME,1752,1752.0,915,915.9149999999853
66,SIAgent9,MALE_LOW_INCOME,2178,2178.0,3,3.0
66,WEAgent5,MALE_YOUNG_LOW_INCOME,367,367.0,0,0.0
66,WEAgent6,FEMALE_HIGH_INCOME,265,265.0,0,0.0
66,SIAgent7,FEMALE_OLD_LOW_INCOME,1440,1440.0,0,0.0
66,WEAgent3,HIGH_INCOME,397,397.0,397,397.0
66,SIAgent8,MALE_YOUNG,941,941.0,146,2.0
66,WEAgent4,FEMALE,1008,1008.0,0,0.0
66,SIAgent5,FEMALE_LOW_INCOME,876,876.0,5,5.0
66,SIAgent6,FEMALE_YOUNG_LOW_INCOME,396,396.0,10,10.0
66,SIAgent3,MALE_LOW_INCOME,1452,1452.0,1,1.0
66,SIAgent4,OLD_LOW_INCOME,1678,1678.0,0,0.0
66,SIAgent1,FEMALE_YOUNG_HIGH_INCOME,153,153.0,16,0.0
66,SIAgent2,FEMALE_YOUNG_LOW_INCOME,792,792.0,7,7.0
66,SIAgent0,FEMALE_YOUNG_LOW_INCOME,396,396.0,7,7.0
67,SIAgent10,FEMALE,1008,1008.0,211,211.0
67,SIAgent11,LOW_INCOME,3204,3204.0,681,681.0
67,SIAgent12,FEMALE_YOUNG_LOW_INCOME,792,792.0,230,230.0
67,WEAgent18,FEMALE_LOW_INCOME,2628,2628.0,0,0.0
67,SIAgent13,MALE_YOUNG_LOW_INCOME,367,367.0,367,367.0
67,WEAgent19,MALE_YOUNG,470,470.0,274,274.2740000000004
67,WEAgent16,MALE_OLD_HIGH_INCOME,323,323.0,0,0.0
67,WEAgent17,OLD,3246,3246.0,3227,3227.2349999999965
67,WEAgent14,FEMALE,2017,2017.0,0,0.0
67,WEAgent15,FEMALE,1008,1008.0,0,0.0
67,WEAgent12,FEMALE_OLD,561,561.0,0,0.0
67,WEAgent13,OLD_HIGH_INCOME,729,729.0,0,0.0
67,WEAgent9,OLD_HIGH_INCOME,243,243.0,0,0.0
67,WEAgent10,MALE_OLD_LOW_INCOME,1077,1077.0,0,0.0
67,WEAgent11,FEMALE,3026,3026.0,3020,3020.2429999999968
67,WEAgent7,FEMALE_OLD,1123,1123.0,0,0.0
67,WEAgent8,FEMALE,1008,1008.0,0,0.0
67,WEAgent1,MALE_YOUNG,470,470.0,264,264.26400000000064
67,WEAgent2,MALE_HIGH_INCOME,530,530.0,0,0.0
67,WEAgent0,MALE_OLD_HIGH_INCOME,161,161.0,0,0.0
67,SIAgent9,FEMALE_HIGH_INCOME,397,397.0,5,5.0
67,WEAgent5,FEMALE_LOW_INCOME,876,876.0,0,0.0
67,WEAgent6,MALE_YOUNG_HIGH_INCOME,206,206.0,0,0.0
67,SIAgent7,FEMALE_OLD_LOW_INCOME,1440,1440.0,0,0.0
67,WEAgent3,YOUNG_HIGH_INCOME,463,463.0,0,0.0
67,SIAgent8,YOUNG_HIGH_INCOME,154,154.0,16,16.0
67,WEAgent4,MALE_HIGH_INCOME,795,795.0,0,0.0
67,SIAgent5,YOUNG_LOW_INCOME,1526,1526.0,738,738.0
67,SIAgent6,HIGH_INCOME,795,795.0,5,5.0
67,SIAgent3,FEMALE_YOUNG_LOW_INCOME,1188,1188.0,216,216.0
67,SIAgent4,MALE_HIGH_INCOME,530,530.0,0,0.0
67,SIAgent1,MALE_OLD_HIGH_INCOME,323,323.0,0,0.0
67,SIAgent2,YOUNG_LOW_INCOME,763,763.0,746,746.0
67,SIAgent0,MALE_OLD_LOW_INCOME,718,718.0,0,0.0
68,SIAgent10,MALE_HIGH_INCOME,530,530.0,341,341.0
68,SIAgent11,FEMALE_OLD_HIGH_INCOME,162,162.0,103,103.0
68,SIAgent12,MALE_YOUNG_LOW_INCOME,734,734.0,247,247.0
68,WEAgent18,OLD_HIGH_INCOME,486,486.0,0,0.0
68,SIAgent13,YOUNG_HIGH_INCOME,309,309.0,128,128.0
68,WEAgent19,OLD_HIGH_INCOME,729,729.0,0,0.0
68,WEAgent16,MALE_OLD,1041,1041.0,0,0.0
68,WEAgent17,MALE_HIGH_INCOME,530,530.0,0,0.0
68,WEAgent14,HIGH_INCOME,795,795.0,0,0.0
68,WEAgent15,FEMALE_HIGH_INCOME,132,132.0,0,0.0
68,WEAgent12,FEMALE_OLD_HIGH_INCOME,244,244.0,0,0.0
68,WEAgent13,MALE_HIGH_INCOME,530,530.0,0,0.0
68,WEAgent9,MALE_OLD_HIGH_INCOME,484,484.0,0,0.0
68,WEAgent10,FEMALE_YOUNG_LOW_INCOME,1188,1188.0,0,0.0
68,WEAgent11,OLD,1082,1082.0,0,0.0
68,WEAgent7,FEMALE_HIGH_INCOME,397,397.0,0,0.0
68,WEAgent8,FEMALE_OLD,1123,1123.0,0,0.0
68,WEAgent1,MALE_OLD_LOW_INCOME,718,718.0,0,0.0
68,WEAgent2,MALE_HIGH_INCOME,795,795.0,0,0.0
68,WEAgent0,MALE_YOUNG_LOW_INCOME,734,734.0,734,734.0
68,SIAgent9,MALE,2973,2973.0,1165,1165.0
68,WEAgent5,MALE_OLD,1041,1041.0,0,0.0
68,WEAgent6,MALE_LOW_INCOME,2178,2178.0,0,0.0
68,SIAgent7,FEMALE_HIGH_INCOME,132,132.0,132,132.0
68,WEAgent3,FEMALE_LOW_INCOME,1752,1752.0,1752,1752.0
68,SIAgent8,YOUNG,1835,1835.0,1344,1344.0
68,WEAgent4,FEMALE_OLD,1684,1684.0,0,0.0
68,SIAgent5,OLD_LOW_INCOME,1678,1678.0,788,788.0
68,SIAgent6,MALE_YOUNG_LOW_INCOME,367,367.0,240,240.0
68,SIAgent3,OLD,3246,3246.0,1159,1159.0
68,SIAgent4,YOUNG_HIGH_INCOME,463,463.0,149,149.0
68,SIAgent1,FEMALE,2017,2017.0,1382,1382.0
68,SIAgent2,MALE_YOUNG_HIGH_INCOME,103,103.0,70,70.0
68,SIAgent0,MALE_YOUNG,470,470.0,266,266.0
69,SIAgent10,YOUNG_HIGH_INCOME,154,154.0,5,5.0
69,SIAgent11,FEMALE_OLD_LOW_INCOME,1440,1440.0,248,248.0
69,SIAgent12,YOUNG_HIGH_INCOME,154,154.0,4,4.0
69,WEAgent18,OLD_LOW_INCOME,839,839.0,0,0.0
69,SIAgent13,FEMALE_OLD_LOW_INCOME,960,960.0,248,248.0
69,WEAgent19,OLD_LOW_INCOME,2517,2517.0,2469,2469.354999999994
69,WEAgent16,MALE_HIGH_INCOME,530,530.0,530,530.0
69,WEAgent17,FEMALE_YOUNG,1341,1341.0,0,0.0
69,WEAgent14,MALE_YOUNG_HIGH_INCOME,206,206.0,0,0.0
69,WEAgent15,MALE_YOUNG_LOW_INCOME,367,367.0,366,366.3659999999982
69,WEAgent12,MALE_YOUNG,1411,1411.0,0,0.0
69,WEAgent13,FEMALE_LOW_INCOME,876,876.0,0,0.0
69,WEAgent9,MALE_LOW_INCOME,726,726.0,0,0.0
69,WEAgent10,FEMALE,3026,3026.0,3017,3017.382999999993
69,WEAgent11,FEMALE_YOUNG_LOW_INCOME,1188,1188.0,0,0.0
69,WEAgent7,MALE_LOW_INCOME,726,726.0,0,0.0
69,WEAgent8,FEMALE_HIGH_INCOME,397,397.0,0,0.0
69,WEAgent1,FEMALE,2017,2017.0,0,0.0
69,WEAgent2,MALE_LOW_INCOME,2178,2178.0,0,0.0
69,WEAgent0,FEMALE_HIGH_INCOME,132,132.0,0,0.0
69,SIAgent9,FEMALE_OLD_LOW_INCOME,1440,1440.0,242,242.0
69,WEAgent5,YOUNG_LOW_INCOME,1526,1526.0,0,0.0
69,WEAgent6,MALE_YOUNG_LOW_INCOME,734,734.0,0,0.0
69,SIAgent7,MALE_OLD_HIGH_INCOME,161,161.0,130,130.0
69,WEAgent3,FEMALE_YOUNG_HIGH_INCOME,51,51.0,0,0.0
69,SIAgent8,FEMALE_OLD_LOW_INCOME,960,960.0,258,258.0
69,WEAgent4,YOUNG,1835,1835.0,1834,1834.3319999999965
69,SIAgent5,MALE_OLD_LOW_INCOME,359,359.0,0,0.0
69,SIAgent6,FEMALE_YOUNG,447,447.0,28,28.0
69,SIAgent3,FEMALE_HIGH_INCOME,132,132.0,1,1.0
69,SIAgent4,FEMALE_LOW_INCOME,2628,2628.0,271,271.0
69,SIAgent1,MALE_YOUNG_LOW_INCOME,367,367.0,108,108.0
69,SIAgent2,HIGH_INCOME,1192,1192.0,138,138.0
69,SIAgent0,MALE_LOW_INCOME,1452,1452.0,103,103.0
70,SIAgent10,OLD_LOW_INCOME,839,839.0,93,93.0
70,SIAgent11,FEMALE_HIGH_INCOME,265,265.0,51,51.0
70,SIAgent12,FEMALE_OLD_LOW_INCOME,480,480.0,96,96.0
70,WEAgent18,FEMALE_OLD_HIGH_INCOME,162,162.0,0,0.0
70,SIAgent13,FEMALE_YOUNG_HIGH_INCOME,102,102.0,41,41.0
70,WEAgent19,FEMALE_YOUNG,447,447.0,0,0.0
70,WEAgent16,LOW_INCOME,1602,1602.0,0,0.0
70,WEAgent17,HIGH_INCOME,1192,1192.0,0,0.0
70,WEAgent14,MALE_OLD_LOW_INCOME,359,359.0,0,0.0
70,WEAgent15,HIGH_INCOME,795,795.0,794,794.7939999999882
70,WEAgent12,FEMALE,2017,2017.0,2016,2016.8939999999811
70,WEAgent13,OLD_HIGH_INCOME,729,729.0,0,0.0
70,WEAgent9,FEMALE_LOW_INCOME,876,876.0,875,875.8749999999862
70,WEAgent10,MALE_HIGH_INCOME,795,795.0,14,14.0
70,WEAgent11,OLD_HIGH_INCOME,243,243.0,0,0.0
70,WEAgent7,OLD_LOW_INCOME,839,839.0,0,0.0
70,WEAgent8,YOUNG_HIGH_INCOME,154,154.0,0,0.0
70,WEAgent1,MALE_OLD_LOW_INCOME,718,718.0,0,0.0
70,WEAgent2,FEMALE_HIGH_INCOME,132,132.0,0,0.0
70,WEAgent0,MALE_OLD_HIGH_INCOME,484,484.0,0,0.0
70,SIAgent9,YOUNG,2753,2753.0,935,935.0
70,WEAgent5,LOW_INCOME,3204,3204.0,3204,3204.0
70,WEAgent6,FEMALE_YOUNG,1341,1341.0,0,0.0
70,SIAgent7,FEMALE_YOUNG_HIGH_INCOME,153,153.0,44,44.0
70,WEAgent3,FEMALE_YOUNG,894,894.0,0,0.0
70,SIAgent8,MALE,1982,1982.0,417,417.0
70,WEAgent4,FEMALE_HIGH_INCOME,132,132.0,0,0.0
70,SIAgent5,OLD_LOW_INCOME,2517,2517.0,121,121.0
70,SIAgent6,YOUNG_LOW_INCOME,1526,1526.0,602,602.0
70,SIAgent3,MALE_OLD_LOW_INCOME,718,718.0,2,2.0
70,SIAgent4,MALE_OLD_LOW_INCOME,718,718.0,6,6.0
70,SIAgent1,FEMALE_OLD_LOW_INCOME,480,480.0,91,91.0
70,SIAgent2,FEMALE_YOUNG,1341,1341.0,546,546.0
70,SIAgent0,FEMALE_HIGH_INCOME,265,265.0,52,52.0
71,SIAgent10,MALE_YOUNG_HIGH_INCOME,206,206.0,0,0.0
71,SIAgent11,FEMALE_OLD_HIGH_INCOME,81,81.0,12,12.0
71,SIAgent12,MALE_YOUNG,470,470.0,107,107.0
71,WEAgent18,FEMALE_OLD,1123,1123.0,0,0.0
71,SIAgent13,FEMALE_YOUNG,894,894.0,219,219.0
71,WEAgent19,MALE_OLD,1041,1041.0,0,0.0
71,WEAgent16,FEMALE_OLD_HIGH_INCOME,244,244.0,0,0.0
71,WEAgent17,FEMALE_YOUNG_HIGH_INCOME,153,153.0,0,0.0
71,WEAgent14,FEMALE_YOUNG_HIGH_INCOME,153,153.0,0,0.0
71,WEAgent15,MALE_YOUNG,470,470.0,0,0.0
71,WEAgent12,MALE_OLD_HIGH_INCOME,161,161.0,0,0.0
71,WEAgent13,MALE_YOUNG_HIGH_INCOME,206,206.0,0,0.0
71,WEAgent9,FEMALE_OLD,561,561.0,0,0.0
71,WEAgent10,FEMALE_LOW_INCOME,876,876.0,0,0.0
71,WEAgent11,FEMALE,2017,2017.0,2017,2017.0
71,WEAgent7,FEMALE_YOUNG_HIGH_INCOME,153,153.0,0,0.0
71,WEAgent8,FEMALE,1008,1008.0,0,0.0
71,WEAgent1,FEMALE_YOUNG_LOW_INCOME,396,396.0,0,0.0
71,WEAgent2,MALE,2973,2973.0,2965,2965.0
71,WEAgent0,MALE_OLD,1561,1561.0,0,0.0
71,SIAgent9,MALE_OLD,520,520.0,28,28.0
71,WEAgent5,FEMALE_YOUNG_LOW_INCOME,792,792.0,0,0.0
71,WEAgent6,MALE_YOUNG_LOW_INCOME,734,734.0,733,733.71599999999
71,SIAgent7,FEMALE_OLD_LOW_INCOME,1440,1440.0,391,391.0
71,WEAgent3,MALE_YOUNG_LOW_INCOME,1101,1101.0,0,0.0
71,SIAgent8,FEMALE_OLD,1684,1684.0,384,384.0
71,WEAgent4,MALE_YOUNG_LOW_INCOME,734,734.0,733,733.7329999999896
71,SIAgent5,OLD_LOW_INCOME,2517,2517.0,424,424.0
71,SIAgent6,FEMALE_OLD,1684,1684.0,398,398.0
71,SIAgent3,MALE_LOW_INCOME,1452,1452.0,100,100.0
71,SIAgent4,OLD_LOW_INCOME,839,839.0,426,426.0
71,SIAgent1,MALE_OLD_HIGH_INCOME,484,484.0,10,10.0
71,SIAgent2,YOUNG,917,917.0,345,345.0
71,SIAgent0,LOW_INCOME,1602,1602.0,708,708.0
72,SIAgent10,MALE_YOUNG_LOW_INCOME,367,367.0,0,0.0
72,SIAgent11,MALE_LOW_INCOME,2178,2178.0,881,881.0
72,SIAgent12,YOUNG_LOW_INCOME,763,763.0,0,0.0
72,WEAgent18,FEMALE_OLD_HIGH_INCOME,81,81.0,0,0.0
72,SIAgent13,MALE_YOUNG_LOW_INCOME,734,734.0,0,0.0
72,WEAgent19,FEMALE_YOUNG_HIGH_INCOME,51,51.0,0,0.0
72,WEAgent16,FEMALE_OLD_LOW_INCOME,1440,1440.0,1702,681.6809999999908
72,WEAgent17,FEMALE_OLD,1123,1123.0,0,0.0
72,WEAgent14,MALE_YOUNG_HIGH_INCOME,206,206.0,0,0.0
72,WEAgent15,MALE_YOUNG_HIGH_INCOME,206,206.0,0,0.0
72,WEAgent12,FEMALE_YOUNG_LOW_INCOME,1188,1188.0,0,0.0
72,WEAgent13,YOUNG_HIGH_INCOME,463,463.0,0,0.0
72,WEAgent9,FEMALE_OLD_HIGH_INCOME,162,162.0,0,0.0
72,WEAgent10,YOUNG_LOW_INCOME,2289,2289.0,2276,2276.4529999999913
72,WEAgent11,FEMALE_OLD_HIGH_INCOME,81,81.0,0,0.0
72,WEAgent7,FEMALE_HIGH_INCOME,265,265.0,0,0.0
72,WEAgent8,FEMALE_OLD_HIGH_INCOME,162,162.0,0,0.0
72,WEAgent1,FEMALE_HIGH_INCOME,265,265.0,0,0.0
72,WEAgent2,YOUNG,1835,1835.0,0,0.0
72,WEAgent0,FEMALE,2017,2017.0,2005,2005.438999999993
72,SIAgent9,MALE,2973,2973.0,1223,1223.0
72,WEAgent5,FEMALE_YOUNG,894,894.0,0,0.0
72,WEAgent6,MALE_HIGH_INCOME,795,795.0,0,0.0
72,SIAgent7,YOUNG_HIGH_INCOME,154,154.0,96,96.0
72,WEAgent3,MALE_HIGH_INCOME,265,265.0,0,0.0
72,SIAgent8,HIGH_INCOME,795,795.0,334,316.0
72,WEAgent4,FEMALE_LOW_INCOME,876,876.0,875,875.8749999999862
72,SIAgent5,FEMALE_YOUNG,447,447.0,0,0.0
72,SIAgent6,MALE_HIGH_INCOME,795,795.0,298,298.0
72,SIAgent3,MALE_YOUNG_LOW_INCOME,734,734.0,0,0.0
72,SIAgent4,MALE_OLD_HIGH_INCOME,323,323.0,199,199.0
72,SIAgent1,FEMALE_YOUNG_HIGH_INCOME,153,153.0,0,0.0
72,SIAgent2,YOUNG_LOW_INCOME,1526,1526.0,0,0.0
72,SIAgent0,MALE_YOUNG_HIGH_INCOME,310,310.0,111,111.0
73,SIAgent10,FEMALE_LOW_INCOME,2628,2628.0,622,622.0
73,SIAgent11,LOW_INCOME,1602,1602.0,634,634.0
73,SIAgent12,YOUNG_LOW_INCOME,763,763.0,347,347.0
73,WEAgent18,MALE_YOUNG_LOW_INCOME,734,734.0,0,0.0
73,SIAgent13,FEMALE_YOUNG,1341,1341.0,403,403.0
73,WEAgent19,LOW_INCOME,1602,1602.0,0,0.0
73,WEAgent16,HIGH_INCOME,795,795.0,0,0.0
73,WEAgent17,MALE_OLD_LOW_INCOME,359,359.0,0,0.0
73,WEAgent14,MALE,1982,1982.0,0,0.0
73,WEAgent15,FEMALE_OLD_LOW_INCOME,480,480.0,0,0.0
73,WEAgent12,FEMALE_OLD,561,561.0,560,560.5599999999937
73,WEAgent13,FEMALE,2017,2017.0,0,0.0
73,WEAgent9,MALE_OLD,520,520.0,0,0.0
73,WEAgent10,LOW_INCOME,3204,3204.0,1766,1767.7659999999653
73,WEAgent11,FEMALE,1008,1008.0,0,0.0
73,WEAgent7,YOUNG,917,917.0,0,0.0
73,WEAgent8,MALE_YOUNG,470,470.0,470,470.0
73,WEAgent1,FEMALE_OLD_HIGH_INCOME,244,244.0,0,0.0
73,WEAgent2,FEMALE,1008,1008.0,0,0.0
73,WEAgent0,OLD_LOW_INCOME,1678,1678.0,0,0.0
73,SIAgent9,MALE_YOUNG,470,470.0,15,15.0
73,WEAgent5,LOW_INCOME,3204,3204.0,1810,1811.8099999999642
73,WEAgent6,LOW_INCOME,1602,1602.0,0,0.0
73,SIAgent7,MALE,2973,2973.0,226,226.0
73,WEAgent3,MALE_OLD_HIGH_INCOME,323,323.0,0,0.0
73,SIAgent8,HIGH_INCOME,795,795.0,576,576.0
73,WEAgent4,FEMALE_OLD,561,561.0,560,560.5259999999945
73,SIAgent5,FEMALE_YOUNG_LOW_INCOME,792,792.0,334,334.0
73,SIAgent6,MALE_OLD,1041,1041.0,174,174.0
73,SIAgent3,YOUNG,917,917.0,427,427.0
73,SIAgent4,MALE_LOW_INCOME,1452,1452.0,0,0.0
73,SIAgent1,OLD_LOW_INCOME,1678,1678.0,330,330.0
73,SIAgent2,MALE_YOUNG_LOW_INCOME,734,734.0,0,0.0
73,SIAgent0,OLD,2164,2164.0,746,746.0
74,SIAgent10,FEMALE_YOUNG_LOW_INCOME,1188,1188.0,122,122.0
74,SIAgent11,YOUNG_HIGH_INCOME,463,463.0,0,0.0
74,SIAgent12,HIGH_INCOME,1192,1192.0,0,0.0
74,WEAgent18,LOW_INCOME,3204,3204.0,0,0.0
74,SIAgent13,FEMALE_YOUNG_LOW_INCOME,792,792.0,147,147.0
74,WEAgent19,OLD,2164,2164.0,0,0.0
74,WEAgent16,FEMALE_OLD,561,561.0,0,0.0
74,WEAgent17,MALE_YOUNG_LOW_INCOME,1101,1101.0,0,0.0
74,WEAgent14,OLD_LOW_INCOME,839,839.0,0,0.0
74,WEAgent15,YOUNG_HIGH_INCOME,463,463.0,296,296.2959999999999
74,WEAgent12,FEMALE_YOUNG_HIGH_INCOME,153,153.0,0,0.0
74,WEAgent13,LOW_INCOME,4807,4807.0,4696,4696.0
74,WEAgent9,MALE_YOUNG,941,941.0,0,0.0
74,WEAgent10,YOUNG_HIGH_INCOME,463,463.0,333,333.332999999999
74,WEAgent11,OLD,3246,3246.0,1845,1846.8449999999634
74,WEAgent7,OLD_LOW_INCOME,1678,1678.0,0,0.0
74,WEAgent8,FEMALE_OLD_HIGH_INCOME,81,81.0,0,0.0
74,WEAgent1,MALE,1982,1982.0,0,0.0
74,WEAgent2,MALE_OLD_LOW_INCOME,718,718.0,0,0.0
74,WEAgent0,FEMALE_YOUNG_LOW_INCOME,396,396.0,0,0.0
74,SIAgent9,MALE_YOUNG_LOW_INCOME,1101,1101.0,0,0.0
74,WEAgent5,YOUNG_HIGH_INCOME,309,309.0,175,175.17500000000047
74,WEAgent6,FEMALE_YOUNG_HIGH_INCOME,102,102.0,0,0.0
74,SIAgent7,FEMALE_YOUNG_LOW_INCOME,792,792.0,150,150.0
74,WEAgent3,OLD,3246,3246.0,1827,1828.8269999999638
74,SIAgent8,YOUNG_LOW_INCOME,2289,2289.0,141,141.0
74,WEAgent4,MALE_YOUNG_LOW_INCOME,734,734.0,0,0.0
74,SIAgent5,YOUNG_LOW_INCOME,763,763.0,124,124.0
74,SIAgent6,YOUNG_HIGH_INCOME,463,463.0,0,0.0
74,SIAgent3,FEMALE_YOUNG,447,447.0,144,144.0
74,SIAgent4,MALE_HIGH_INCOME,795,795.0,0,0.0
74,SIAgent1,MALE_OLD_HIGH_INCOME,323,323.0,0,0.0
74,SIAgent2,MALE_OLD_LOW_INCOME,718,718.0,0,0.0
74,SIAgent0,MALE_YOUNG_LOW_INCOME,367,367.0,0,0.0
75,SIAgent10,FEMALE_YOUNG_HIGH_INCOME,153,153.0,79,79.0
75,SIAgent11,FEMALE_YOUNG_LOW_INCOME,1188,1188.0,1,1.0
75,SIAgent12,MALE_OLD,1041,1041.0,40,40.0
75,WEAgent18,MALE_LOW_INCOME,726,726.0,0,0.0
75,SIAgent13,MALE_OLD,520,520.0,30,30.0
75,WEAgent19,MALE_YOUNG,470,470.0,0,0.0
75,WEAgent16,LOW_INCOME,3204,3204.0,3199,3199.8040000000306
75,WEAgent17,LOW_INCOME,1602,1602.0,0,0.0
75,WEAgent14,MALE_LOW_INCOME,1452,1452.0,0,0.0
75,WEAgent15,FEMALE_LOW_INCOME,1752,1752.0,0,0.0
75,WEAgent12,MALE_YOUNG_LOW_INCOME,1101,1101.0,0,0.0
75,WEAgent13,FEMALE_YOUNG,1341,1341.0,0,0.0
75,WEAgent9,MALE_OLD_HIGH_INCOME,161,161.0,160,160.1600000000004
75,WEAgent10,MALE,991,991.0,990,990.1649999999993
75,WEAgent11,LOW_INCOME,4807,4807.0,4791,4791.825000000068
75,WEAgent7,MALE_YOUNG_LOW_INCOME,367,367.0,0,0.0
75,WEAgent8,FEMALE_OLD,1123,1123.0,0,0.0
75,WEAgent1,MALE_LOW_INCOME,2178,2178.0,0,0.0
75,WEAgent2,MALE_LOW_INCOME,726,726.0,0,0.0
75,WEAgent0,FEMALE,3026,3026.0,0,0.0
75,SIAgent9,YOUNG_HIGH_INCOME,463,463.0,99,99.0
75,WEAgent5,YOUNG,1835,1835.0,0,0.0
75,WEAgent6,FEMALE_OLD_LOW_INCOME,480,480.0,0,0.0
75,SIAgent7,MALE,1982,1982.0,41,41.0
75,WEAgent3,MALE_YOUNG_HIGH_INCOME,103,103.0,0,0.0
75,SIAgent8,MALE_YOUNG_LOW_INCOME,1101,1101.0,0,0.0
75,WEAgent4,FEMALE,1008,1008.0,0,0.0
75,SIAgent5,FEMALE_OLD_LOW_INCOME,480,480.0,0,0.0
75,SIAgent6,FEMALE_OLD,561,561.0,415,0.0
75,SIAgent3,MALE_OLD,1041,1041.0,32,32.0
75,SIAgent4,MALE_HIGH_INCOME,530,530.0,40,40.0
75,SIAgent1,YOUNG_LOW_INCOME,763,763.0,0,0.0
75,SIAgent2,FEMALE_YOUNG,447,447.0,83,83.0
75,SIAgent0,FEMALE_YOUNG_LOW_INCOME,792,792.0,0,0.0
76,SIAgent10,FEMALE_OLD,1123,1123.0,284,284.0
76,SIAgent11,MALE_OLD_HIGH_INCOME,323,323.0,214,214.0
76,SIAgent12,FEMALE_YOUNG,1341,1341.0,1,1.0
76,WEAgent18,FEMALE,3026,3026.0,2877,2877.681000000055
76,SIAgent13,HIGH_INCOME,1192,1192.0,393,393.0
76,WEAgent19,MALE_YOUNG,470,470.0,0,0.0
76,WEAgent16,MALE_OLD_HIGH_INCOME,484,484.0,0,0.0
76,WEAgent17,FEMALE_OLD_HIGH_INCOME,244,244.0,0,0.0
76,WEAgent14,MALE,2973,2973.0,0,0.0
76,WEAgent15,YOUNG_LOW_INCOME,763,763.0,0,0.0
76,WEAgent12,MALE_HIGH_INCOME,265,265.0,0,0.0
76,WEAgent13,LOW_INCOME,1602,1602.0,0,0.0
76,WEAgent9,FEMALE_YOUNG_HIGH_INCOME,102,102.0,0,0.0
76,WEAgent10,MALE_OLD_HIGH_INCOME,484,484.0,0,0.0
76,WEAgent11,OLD_LOW_INCOME,1678,1678.0,0,0.0
76,WEAgent7,LOW_INCOME,4807,4807.0,2463,2465.463000000044
76,WEAgent8,OLD_HIGH_INCOME,486,486.0,0,0.0
76,WEAgent1,LOW_INCOME,1602,1602.0,0,0.0
76,WEAgent2,MALE_OLD_HIGH_INCOME,161,161.0,0,0.0
76,WEAgent0,FEMALE_OLD_LOW_INCOME,960,960.0,0,0.0
76,SIAgent9,OLD_LOW_INCOME,839,839.0,245,245.0
76,WEAgent5,LOW_INCOME,4807,4807.0,2501,2503.5010000000516
76,WEAgent6,FEMALE_LOW_INCOME,1752,1752.0,0,0.0
76,SIAgent7,FEMALE_HIGH_INCOME,397,397.0,0,0.0
76,WEAgent3,MALE_YOUNG_LOW_INCOME,734,734.0,0,0.0
76,SIAgent8,YOUNG_HIGH_INCOME,309,309.0,175,175.0
76,WEAgent4,FEMALE_HIGH_INCOME,265,265.0,0,0.0
76,SIAgent5,FEMALE_YOUNG,1341,1341.0,1,1.0
76,SIAgent6,FEMALE_YOUNG_LOW_INCOME,1188,1188.0,0,0.0
76,SIAgent3,MALE_OLD_HIGH_INCOME,484,484.0,222,222.0
76,SIAgent4,FEMALE_OLD_HIGH_INCOME,162,162.0,0,0.0
76,SIAgent1,FEMALE_YOUNG_LOW_INCOME,396,396.0,0,0.0
76,SIAgent2,MALE_HIGH_INCOME,795,795.0,352,352.0
76,SIAgent0,LOW_INCOME,4807,4807.0,272,272.0
77,SIAgent10,MALE_YOUNG,1411,1411.0,315,315.0
77,SIAgent11,FEMALE_OLD_LOW_INCOME,480,480.0,100,100.0
77,SIAgent12,MALE_LOW_INCOME,726,726.0,310,310.0
77,WEAgent18,MALE_YOUNG_HIGH_INCOME,103,103.0,0,0.0
77,SIAgent13,YOUNG_LOW_INCOME,2289,2289.0,810,810.0
77,WEAgent19,MALE_YOUNG,1411,1411.0,0,0.0
77,WEAgent16,MALE_YOUNG_HIGH_INCOME,206,206.0,184,184.1840000000005
77,WEAgent17,FEMALE_HIGH_INCOME,397,397.0,0,0.0
77,WEAgent14,FEMALE_YOUNG_LOW_INCOME,792,792.0,0,0.0
77,WEAgent15,OLD,3246,3246.0,3153,3153.2349999999965
77,WEAgent12,FEMALE_OLD,1684,1684.0,1683,1683.2360000000008
77,WEAgent13,MALE_HIGH_INCOME,265,265.0,0,0.0
77,WEAgent9,MALE_OLD_LOW_INCOME,359,359.0,0,0.0
77,WEAgent10,MALE_OLD,1041,1041.0,0,0.0
77,WEAgent11,MALE_YOUNG_HIGH_INCOME,206,206.0,153,153.15300000000036
77,WEAgent7,MALE_OLD_LOW_INCOME,359,359.0,0,0.0
77,WEAgent8,FEMALE,1008,1008.0,0,0.0
77,WEAgent1,YOUNG,917,917.0,0,0.0
77,WEAgent2,MALE_OLD_HIGH_INCOME,323,323.0,0,0.0
77,WEAgent0,MALE_HIGH_INCOME,795,795.0,0,0.0
77,SIAgent9,FEMALE_YOUNG_LOW_INCOME,792,792.0,483,483.0
77,WEAgent5,FEMALE_YOUNG_HIGH_INCOME,153,153.0,0,0.0
77,WEAgent6,MALE_YOUNG_HIGH_INCOME,310,310.0,187,187.18700000000052
77,SIAgent7,FEMALE,2017,2017.0,700,700.0
77,WEAgent3,OLD_LOW_INCOME,839,839.0,0,0.0
77,SIAgent8,MALE,1982,1982.0,322,322.0
77,WEAgent4,FEMALE_HIGH_INCOME,397,397.0,0,0.0
77,SIAgent5,FEMALE,2017,2017.0,724,724.0
77,SIAgent6,MALE_YOUNG_HIGH_INCOME,103,103.0,0,0.0
77,SIAgent3,FEMALE_OLD,1123,1123.0,88,88.0
77,SIAgent4,MALE,1982,1982.0,318,318.0
77,SIAgent1,OLD_LOW_INCOME,1678,1678.0,81,81.0
77,SIAgent2,FEMALE_OLD,1684,1684.0,73,73.0
77,SIAgent0,MALE_LOW_INCOME,1452,1452.0,316,316.0
78,SIAgent10,YOUNG_LOW_INCOME,763,763.0,9,9.0
78,SIAgent11,FEMALE_YOUNG,894,894.0,0,0.0
78,SIAgent12,OLD_HIGH_INCOME,729,729.0,0,0.0
78,WEAgent18,YOUNG,1835,1835.0,0,0.0
78,SIAgent13,YOUNG_LOW_INCOME,2289,2289.0,10,10.0
78,WEAgent19,MALE_HIGH_INCOME,795,795.0,0,0.0
78,WEAgent16,MALE_OLD_LOW_INCOME,1077,1077.0,0,0.0
78,WEAgent17,LOW_INCOME,4807,4807.0,4702,4702.8460000000705
78,WEAgent14,MALE,991,991.0,0,0.0
78,WEAgent15,FEMALE_YOUNG,1341,1341.0,0,0.0
78,WEAgent12,FEMALE_LOW_INCOME,876,876.0,0,0.0
78,WEAgent13,YOUNG,1835,1835.0,0,0.0
78,WEAgent9,YOUNG_LOW_INCOME,763,763.0,0,0.0
78,WEAgent10,MALE_YOUNG,941,941.0,0,0.0
78,WEAgent11,MALE_LOW_INCOME,2178,2178.0,0,0.0
78,WEAgent7,FEMALE_YOUNG_LOW_INCOME,792,792.0,0,0.0
78,WEAgent8,MALE_LOW_INCOME,1452,1452.0,0,0.0
78,WEAgent1,FEMALE,2017,2017.0,0,0.0
78,WEAgent2,FEMALE,3026,3026.0,3022,3023.118000000035
78,WEAgent0,MALE_YOUNG_HIGH_INCOME,103,103.0,103,103.0
78,SIAgent9,LOW_INCOME,1602,1602.0,300,300.0
78,WEAgent5,OLD,1082,1082.0,1081,1081.2729999999974
78,WEAgent6,FEMALE_YOUNG_HIGH_INCOME,153,153.0,0,0.0
78,SIAgent7,MALE_YOUNG,941,941.0,440,11.0
78,WEAgent3,FEMALE_HIGH_INCOME,132,132.0,0,0.0
78,SIAgent8,MALE_LOW_INCOME,2178,2178.0,10,10.0
78,WEAgent4,FEMALE_YOUNG_HIGH_INCOME,51,51.0,0,0.0
78,SIAgent5,FEMALE_YOUNG_HIGH_INCOME,102,102.0,0,0.0
78,SIAgent6,MALE_YOUNG_LOW_INCOME,734,734.0,10,10.0
78,SIAgent3,FEMALE,3026,3026.0,310,310.0
78,SIAgent4,FEMALE_OLD_HIGH_INCOME,162,162.0,0,0.0
78,SIAgent1,FEMALE_YOUNG,447,447.0,0,0.0
78,SIAgent2,MALE_OLD,1561,1561.0,0,0.0
78,SIAgent0,MALE_OLD_HIGH_INCOME,484,484.0,3,3.0
79,SIAgent10,MALE_OLD,1041,1041.0,148,148.0
79,SIAgent11,MALE_LOW_INCOME,1452,1452.0,672,672.0
79,SIAgent12,YOUNG_HIGH_INCOME,463,463.0,67,67.0
79,WEAgent18,FEMALE_LOW_INCOME,1752,1752.0,0,0.0
79,SIAgent13,MALE_OLD,1041,1041.0,172,172.0
79,WEAgent19,FEMALE_OLD_LOW_INCOME,1440,1440.0,0,0.0
79,WEAgent16,MALE_YOUNG_HIGH_INCOME,310,310.0,0,0.0
79,WEAgent17,OLD_LOW_INCOME,839,839.0,0,0.0
79,WEAgent14,YOUNG,2753,2753.0,0,0.0
79,WEAgent15,MALE,991,991.0,991,991.0
79,WEAgent12,FEMALE_YOUNG_LOW_INCOME,792,792.0,0,0.0
79,WEAgent13,LOW_INCOME,1602,1602.0,561,561.5609999999937
79,WEAgent9,OLD_LOW_INCOME,839,839.0,0,0.0
79,WEAgent10,LOW_INCOME,1602,1602.0,593,593.5929999999929
79,WEAgent11,YOUNG_HIGH_INCOME,154,154.0,0,0.0
79,WEAgent7,FEMALE_YOUNG_HIGH_INCOME,51,51.0,0,0.0
79,WEAgent8,OLD,1082,1082.0,0,0.0
79,WEAgent1,FEMALE_OLD,1684,1684.0,0,0.0
79,WEAgent2,MALE_OLD_HIGH_INCOME,323,323.0,0,0.0
79,WEAgent0,MALE_YOUNG,1411,1411.0,0,0.0
79,SIAgent9,MALE_YOUNG_LOW_INCOME,1101,1101.0,684,684.0
79,WEAgent5,LOW_INCOME,1602,1602.0,583,583.5829999999931
79,WEAgent6,FEMALE_YOUNG_HIGH_INCOME,153,153.0,0,0.0
79,SIAgent7,OLD_HIGH_INCOME,729,729.0,239,239.0
79,WEAgent3,MALE_OLD_LOW_INCOME,359,359.0,0,0.0
79,SIAgent8,FEMALE_LOW_INCOME,2628,2628.0,1271,1271.0
79,WEAgent4,YOUNG_HIGH_INCOME,154,154.0,0,0.0
79,SIAgent5,FEMALE,3026,3026.0,1491,1491.0
79,SIAgent6,OLD_HIGH_INCOME,243,243.0,189,189.0
79,SIAgent3,FEMALE,2017,2017.0,1381,1381.0
79,SIAgent4,FEMALE_HIGH_INCOME,397,397.0,108,108.0
79,SIAgent1,HIGH_INCOME,397,397.0,307,307.0
79,SIAgent2,FEMALE_OLD_HIGH_INCOME,244,244.0,63,63.0
79,SIAgent0,FEMALE_OLD_LOW_INCOME,480,480.0,480,480.0
80,SIAgent10,MALE_OLD,1561,1561.0,5,5.0
80,SIAgent11,FEMALE_HIGH_INCOME,132,132.0,47,47.0
80,SIAgent12,YOUNG,917,917.0,248,248.0
80,WEAgent18,OLD_LOW_INCOME,1678,1678.0,0,0.0
80,SIAgent13,YOUNG,917,917.0,243,243.0
80,WEAgent19,LOW_INCOME,3204,3204.0,3204,3204.0
80,WEAgent16,MALE_YOUNG,470,470.0,0,0.0
80,WEAgent17,MALE_YOUNG,470,470.0,0,0.0
80,WEAgent14,MALE_LOW_INCOME,1452,1452.0,0,0.0
80,WEAgent15,OLD,2164,2164.0,2170,240.24000000000078
80,WEAgent12,FEMALE_YOUNG,894,894.0,0,0.0
80,WEAgent13,FEMALE_YOUNG,894,894.0,0,0.0
80,WEAgent9,MALE_YOUNG_HIGH_INCOME,103,103.0,0,0.0
80,WEAgent10,OLD,1082,1082.0,0,0.0
80,WEAgent11,FEMALE_OLD,561,561.0,0,0.0
80,WEAgent7,MALE_HIGH_INCOME,265,265.0,0,0.0
80,WEAgent8,OLD_HIGH_INCOME,243,243.0,0,0.0
80,WEAgent1,FEMALE_HIGH_INCOME,397,397.0,0,0.0
80,WEAgent2,MALE,1982,1982.0,0,0.0
80,WEAgent0,MALE_YOUNG_LOW_INCOME,367,367.0,0,0.0
80,SIAgent9,FEMALE_YOUNG_LOW_INCOME,792,792.0,140,140.0
80,WEAgent5,MALE,1982,1982.0,0,0.0
80,WEAgent6,OLD,3246,3246.0,3200,3200.2349999999965
80,SIAgent7,YOUNG_LOW_INCOME,2289,2289.0,137,137.0
80,WEAgent3,OLD,1082,1082.0,0,0.0
80,SIAgent8,MALE,1982,1982.0,92,92.0
80,WEAgent4,FEMALE_OLD_HIGH_INCOME,81,81.0,0,0.0
80,SIAgent5,MALE_OLD_LOW_INCOME,718,718.0,1,1.0
80,SIAgent6,YOUNG_HIGH_INCOME,463,463.0,133,133.0
80,SIAgent3,MALE_OLD_LOW_INCOME,718,718.0,4,4.0
80,SIAgent4,MALE,991,991.0,81,81.0
80,SIAgent1,YOUNG_HIGH_INCOME,309,309.0,135,135.0
80,SIAgent2,MALE_OLD_LOW_INCOME,1077,1077.0,5,5.0
80,SIAgent0,FEMALE_YOUNG,447,447.0,155,155.0
81,SIAgent10,MALE_OLD,1561,1561.0,2,2.0
81,SIAgent11,OLD_HIGH_INCOME,486,486.0,15,15.0
81,SIAgent12,FEMALE_LOW_INCOME,2628,2628.0,236,236.0
81,WEAgent18,OLD,3246,3246.0,3209,3209.0
81,SIAgent13,MALE_OLD,1561,1561.0,0,0.0
81,WEAgent19,MALE_OLD,1041,1041.0,0,0.0
81,WEAgent16,LOW_INCOME,3204,3204.0,0,0.0
81,WEAgent17,MALE_HIGH_INCOME,795,795.0,0,0.0
81,WEAgent14,MALE_HIGH_INCOME,265,265.0,0,0.0
81,WEAgent15,MALE_LOW_INCOME,726,726.0,0,0.0
81,WEAgent12,MALE_OLD,1561,1561.0,0,0.0
81,WEAgent13,MALE_YOUNG,1411,1411.0,0,0.0
81,WEAgent9,FEMALE_OLD,1684,1684.0,0,0.0
81,WEAgent10,YOUNG_HIGH_INCOME,309,309.0,0,0.0
81,WEAgent11,FEMALE_YOUNG_LOW_INCOME,1188,1188.0,0,0.0
81,WEAgent7,YOUNG_HIGH_INCOME,154,154.0,0,0.0
81,WEAgent8,HIGH_INCOME,1192,1192.0,0,0.0
81,WEAgent1,YOUNG_HIGH_INCOME,463,463.0,463,463.0
81,WEAgent2,MALE_LOW_INCOME,1452,1452.0,0,0.0
81,WEAgent0,MALE_OLD_LOW_INCOME,1077,1077.0,0,0.0
81,SIAgent9,FEMALE,1008,1008.0,325,325.0
81,WEAgent5,OLD_LOW_INCOME,1678,1678.0,0,0.0
81,WEAgent6,LOW_INCOME,4807,4807.0,4807,4807.0
81,SIAgent7,MALE_OLD,1561,1561.0,0,0.0
81,WEAgent3,MALE_OLD_LOW_INCOME,718,718.0,0,0.0
81,SIAgent8,FEMALE_HIGH_INCOME,397,397.0,107,107.0
81,WEAgent4,MALE,991,991.0,0,0.0
81,SIAgent5,OLD_LOW_INCOME,1678,1678.0,84,84.0
81,SIAgent6,MALE,1982,1982.0,75,3.0
81,SIAgent3,MALE_LOW_INCOME,2178,2178.0,7,7.0
81,SIAgent4,FEMALE_YOUNG_LOW_INCOME,396,396.0,159,159.0
81,SIAgent1,FEMALE,2017,2017.0,329,329.0
81,SIAgent2,MALE_YOUNG_LOW_INCOME,1101,1101.0,5,5.0
81,SIAgent0,YOUNG_LOW_INCOME,1526,1526.0,177,177.0
82,SIAgent10,YOUNG,2753,2753.0,559,559.0
82,SIAgent11,YOUNG_HIGH_INCOME,309,309.0,48,48.0
82,SIAgent12,YOUNG_LOW_INCOME,763,763.0,510,510.0
82,WEAgent18,HIGH_INCOME,795,795.0,450,450.4439999999964
82,SIAgent13,FEMALE_YOUNG,1341,1341.0,360,360.0
82,WEAgent19,YOUNG_LOW_INCOME,763,763.0,0,0.0
82,WEAgent16,MALE_OLD_HIGH_INCOME,323,323.0,323,323.0
82,WEAgent17,FEMALE_HIGH_INCOME,265,265.0,0,0.0
82,WEAgent14,FEMALE_YOUNG,1341,1341.0,0,0.0
82,WEAgent15,MALE_YOUNG,470,470.0,0,0.0
82,WEAgent12,FEMALE_YOUNG,447,447.0,0,0.0
82,WEAgent13,YOUNG_LOW_INCOME,1526,1526.0,0,0.0
82,WEAgent9,LOW_INCOME,3204,3204.0,3122,3122.0
82,WEAgent10,HIGH_INCOME,795,795.0,477,477.4769999999956
82,WEAgent11,MALE_OLD_LOW_INCOME,718,718.0,0,0.0
82,WEAgent7,YOUNG_HIGH_INCOME,463,463.0,0,0.0
82,WEAgent8,FEMALE_OLD_LOW_INCOME,1440,1440.0,1440,1440.0
82,WEAgent1,MALE_OLD,1041,1041.0,0,0.0
82,WEAgent2,FEMALE_YOUNG_HIGH_INCOME,102,102.0,0,0.0
82,WEAgent0,FEMALE_HIGH_INCOME,265,265.0,0,0.0
82,SIAgent9,MALE_OLD,1561,1561.0,84,84.0
82,WEAgent5,OLD_LOW_INCOME,839,839.0,0,0.0
82,WEAgent6,FEMALE,1008,1008.0,0,0.0
82,SIAgent7,FEMALE_LOW_INCOME,1752,1752.0,771,771.0
82,WEAgent3,MALE_LOW_INCOME,1452,1452.0,0,0.0
82,SIAgent8,OLD_HIGH_INCOME,729,729.0,102,102.0
82,WEAgent4,MALE_YOUNG_LOW_INCOME,367,367.0,0,0.0
82,SIAgent5,MALE_HIGH_INCOME,795,795.0,137,137.0
82,SIAgent6,FEMALE_OLD_HIGH_INCOME,81,81.0,0,0.0
82,SIAgent3,MALE,1982,1982.0,232,232.0
82,SIAgent4,LOW_INCOME,3204,3204.0,831,831.0
82,SIAgent1,FEMALE_OLD,1123,1123.0,326,326.0
82,SIAgent2,FEMALE_YOUNG_HIGH_INCOME,51,51.0,0,0.0
82,SIAgent0,MALE,1982,1982.0,228,228.0
83,SIAgent10,FEMALE_OLD_LOW_INCOME,480,480.0,93,93.0
83,SIAgent11,OLD,3246,3246.0,1054,1054.0
83,SIAgent12,FEMALE_YOUNG_HIGH_INCOME,102,102.0,3,3.0
83,WEAgent18,MALE_OLD_HIGH_INCOME,484,484.0,0,0.0
83,SIAgent13,MALE_OLD,1561,1561.0,840,840.0
83,WEAgent19,FEMALE_LOW_INCOME,2628,2628.0,2581,2581.899999999986
83,WEAgent16,FEMALE_HIGH_INCOME,397,397.0,0,0.0
83,WEAgent17,LOW_INCOME,1602,1602.0,0,0.0
83,WEAgent14,MALE_YOUNG_LOW_INCOME,734,734.0,0,0.0
83,WEAgent15,YOUNG_LOW_INCOME,1526,1526.0,0,0.0
83,WEAgent12,FEMALE_YOUNG_LOW_INCOME,396,396.0,0,0.0
83,WEAgent13,FEMALE_OLD_LOW_INCOME,480,480.0,0,0.0
83,WEAgent9,MALE,2973,2973.0,0,0.0
83,WEAgent10,MALE_YOUNG,1411,1411.0,0,0.0
83,WEAgent11,OLD_HIGH_INCOME,243,243.0,0,0.0
83,WEAgent7,MALE_YOUNG_LOW_INCOME,734,734.0,0,0.0
83,WEAgent8,MALE_LOW_INCOME,726,726.0,0,0.0
83,WEAgent1,FEMALE_HIGH_INCOME,132,132.0,0,0.0
83,WEAgent2,MALE_YOUNG_LOW_INCOME,1101,1101.0,0,0.0
83,WEAgent0,MALE_YOUNG_HIGH_INCOME,103,103.0,0,0.0
83,SIAgent9,FEMALE_OLD_LOW_INCOME,960,960.0,83,83.0
83,WEAgent5,MALE_LOW_INCOME,1452,1452.0,0,0.0
83,WEAgent6,FEMALE_OLD,1123,1123.0,1122,1122.799999999988
83,SIAgent7,MALE_HIGH_INCOME,530,530.0,280,280.0
83,WEAgent3,YOUNG_LOW_INCOME,763,763.0,0,0.0
83,SIAgent8,FEMALE_OLD_HIGH_INCOME,162,162.0,91,91.0
83,WEAgent4,YOUNG,2753,2753.0,2730,2730.1429999999987
83,SIAgent5,MALE_YOUNG_LOW_INCOME,734,734.0,0,0.0
83,SIAgent6,FEMALE_LOW_INCOME,2628,2628.0,89,89.0
83,SIAgent3,FEMALE,2017,2017.0,197,197.0
83,SIAgent4,FEMALE_YOUNG,447,447.0,0,0.0
83,SIAgent1,YOUNG,1835,1835.0,18,18.0
83,SIAgent2,FEMALE_OLD_HIGH_INCOME,162,162.0,103,103.0
83,SIAgent0,OLD_LOW_INCOME,839,839.0,716,716.0
84,SIAgent10,FEMALE_OLD_HIGH_INCOME,81,81.0,1,1.0
84,SIAgent11,YOUNG,1835,1835.0,211,201.0
84,SIAgent12,FEMALE_OLD_HIGH_INCOME,162,162.0,1,1.0
84,WEAgent18,FEMALE_YOUNG_LOW_INCOME,396,396.0,0,0.0
84,SIAgent13,FEMALE_LOW_INCOME,2628,2628.0,169,169.0
84,WEAgent19,MALE_LOW_INCOME,2178,2178.0,0,0.0
84,WEAgent16,FEMALE_OLD_LOW_INCOME,480,480.0,0,0.0
84,WEAgent17,MALE_HIGH_INCOME,265,265.0,249,249.24900000000082
84,WEAgent14,FEMALE_OLD_HIGH_INCOME,162,162.0,0,0.0
84,WEAgent15,FEMALE_HIGH_INCOME,132,132.0,0,0.0
84,WEAgent12,MALE,1982,1982.0,0,0.0
84,WEAgent13,YOUNG,2753,2753.0,0,0.0
84,WEAgent9,OLD_HIGH_INCOME,486,486.0,263,263.26300000000066
84,WEAgent10,YOUNG_HIGH_INCOME,154,154.0,126,126.12600000000023
84,WEAgent11,LOW_INCOME,4807,4807.0,4792,4792.816000000068
84,WEAgent7,FEMALE_OLD_LOW_INCOME,960,960.0,0,0.0
84,WEAgent8,FEMALE_HIGH_INCOME,265,265.0,0,0.0
84,WEAgent1,MALE_YOUNG_HIGH_INCOME,103,103.0,103,103.0
84,WEAgent2,YOUNG_HIGH_INCOME,154,154.0,131,131.13100000000026
84,WEAgent0,LOW_INCOME,1602,1602.0,0,0.0
84,SIAgent9,OLD_LOW_INCOME,839,839.0,154,154.0
84,WEAgent5,FEMALE_LOW_INCOME,2628,2628.0,2627,2627.984000000021
84,WEAgent6,FEMALE_OLD,561,561.0,560,560.1530000000005
84,SIAgent7,MALE_HIGH_INCOME,265,265.0,207,207.0
84,WEAgent3,YOUNG_LOW_INCOME,1526,1526.0,0,0.0
84,SIAgent8,MALE_OLD_HIGH_INCOME,323,323.0,0,0.0
84,WEAgent4,OLD_HIGH_INCOME,486,486.0,243,243.2430000000008
84,SIAgent5,FEMALE_YOUNG,894,894.0,5,5.0
84,SIAgent6,FEMALE_YOUNG_LOW_INCOME,792,792.0,8,8.0
84,SIAgent3,FEMALE_HIGH_INCOME,132,132.0,1,1.0
84,SIAgent4,MALE_OLD,1561,1561.0,0,0.0
84,SIAgent1,FEMALE_YOUNG_HIGH_INCOME,102,102.0,0,0.0
84,SIAgent2,FEMALE_YOUNG,447,447.0,1,1.0
84,SIAgent0,OLD_LOW_INCOME,839,839.0,148,148.0
85,SIAgent10,MALE_OLD_HIGH_INCOME,323,323.0,10,10.0
85,SIAgent11,FEMALE_OLD,1684,1684.0,4,4.0
85,SIAgent12,MALE_YOUNG_HIGH_INCOME,206,206.0,3,3.0
85,WEAgent18,MALE,1982,1982.0,1982,1982.0
85,SIAgent13,YOUNG_HIGH_INCOME,463,463.0,8,8.0
85,WEAgent19,FEMALE_YOUNG_LOW_INCOME,396,396.0,0,0.0
85,WEAgent16,FEMALE,3026,3026.0,1628,1629.6279999999686
85,WEAgent17,FEMALE_YOUNG,894,894.0,0,0.0
85,WEAgent14,FEMALE_YOUNG_HIGH_INCOME,153,153.0,0,0.0
85,WEAgent15,FEMALE_HIGH_INCOME,132,132.0,0,0.0
85,WEAgent12,MALE_YOUNG_HIGH_INCOME,310,310.0,0,0.0
85,WEAgent13,OLD,3246,3246.0,3221,3221.234999999995
85,WEAgent9,MALE_LOW_INCOME,726,726.0,0,0.0
85,WEAgent10,FEMALE_OLD,1123,1123.0,522,522.5219999999946
85,WEAgent11,FEMALE_OLD_HIGH_INCOME,162,162.0,0,0.0
85,WEAgent7,MALE_YOUNG_HIGH_INCOME,206,206.0,0,0.0
85,WEAgent8,OLD_HIGH_INCOME,729,729.0,0,0.0
85,WEAgent1,FEMALE_OLD,1123,1123.0,544,544.5439999999941
85,WEAgent2,FEMALE,3026,3026.0,1627,1628.6269999999686
85,WEAgent0,OLD_LOW_INCOME,1678,1678.0,0,0.0
85,SIAgent9,MALE_OLD,1561,1561.0,8,8.0
85,WEAgent5,HIGH_INCOME,795,795.0,0,0.0
85,WEAgent6,FEMALE_OLD_LOW_INCOME,1440,1440.0,0,0.0
85,SIAgent7,FEMALE_YOUNG_HIGH_INCOME,51,51.0,0,0.0
85,WEAgent3,FEMALE_OLD_LOW_INCOME,1440,1440.0,0,0.0
85,SIAgent8,FEMALE_HIGH_INCOME,132,132.0,4,4.0
85,WEAgent4,MALE_HIGH_INCOME,265,265.0,0,0.0
85,SIAgent5,MALE_HIGH_INCOME,265,265.0,19,19.0
85,SIAgent6,FEMALE_OLD_HIGH_INCOME,162,162.0,7,7.0
85,SIAgent3,FEMALE_YOUNG_LOW_INCOME,792,792.0,0,0.0
85,SIAgent4,FEMALE_YOUNG_HIGH_INCOME,51,51.0,0,0.0
85,SIAgent1,MALE_LOW_INCOME,726,726.0,195,195.0
85,SIAgent2,YOUNG,1835,1835.0,206,206.0
85,SIAgent0,MALE_OLD_HIGH_INCOME,161,161.0,12,12.0
86,SIAgent10,MALE_YOUNG,470,470.0,378,378.0
86,SIAgent11,FEMALE_YOUNG_LOW_INCOME,1188,1188.0,137,137.0
86,SIAgent12,FEMALE_YOUNG,1341,1341.0,141,141.0
86,WEAgent18,HIGH_INCOME,795,795.0,794,794.009
86,SIAgent13,FEMALE_YOUNG,1341,1341.0,125,125.0
86,WEAgent19,MALE_OLD_LOW_INCOME,1077,1077.0,0,0.0
86,WEAgent16,FEMALE_HIGH_INCOME,265,265.0,0,0.0
86,WEAgent17,OLD_LOW_INCOME,1678,1678.0,0,0.0
86,WEAgent14,YOUNG_HIGH_INCOME,463,463.0,0,0.0
86,WEAgent15,FEMALE_OLD_LOW_INCOME,480,480.0,0,0.0
86,WEAgent12,YOUNG_HIGH_INCOME,154,154.0,0,0.0
86,WEAgent13,MALE_YOUNG_HIGH_INCOME,103,103.0,0,0.0
86,WEAgent9,YOUNG,917,917.0,0,0.0
86,WEAgent10,LOW_INCOME,3204,3204.0,3196,3196.0
86,WEAgent11,MALE_YOUNG,1411,1411.0,0,0.0
86,WEAgent7,MALE_OLD_LOW_INCOME,718,718.0,0,0.0
86,WEAgent8,FEMALE_LOW_INCOME,876,876.0,0,0.0
86,WEAgent1,FEMALE_OLD_LOW_INCOME,480,480.0,0,0.0
86,WEAgent2,HIGH_INCOME,1192,1192.0,1184,1184.012
86,WEAgent0,OLD_HIGH_INCOME,243,243.0,0,0.0
86,SIAgent9,YOUNG,917,917.0,478,478.0
86,WEAgent5,FEMALE_OLD_HIGH_INCOME,162,162.0,0,0.0
86,WEAgent6,YOUNG_HIGH_INCOME,309,309.0,0,0.0
86,SIAgent7,LOW_INCOME,4807,4807.0,859,859.0
86,WEAgent3,MALE,2973,2973.0,0,0.0
86,SIAgent8,FEMALE_HIGH_INCOME,132,132.0,19,19.0
86,WEAgent4,MALE,2973,2973.0,0,0.0
86,SIAgent5,MALE_OLD_LOW_INCOME,359,359.0,336,336.0
86,SIAgent6,OLD_LOW_INCOME,839,839.0,354,354.0
86,SIAgent3,MALE,2973,2973.0,731,709.0
86,SIAgent4,FEMALE_YOUNG,447,447.0,134,134.0
86,SIAgent1,FEMALE_YOUNG_LOW_INCOME,1188,1188.0,132,132.0
86,SIAgent2,FEMALE,2017,2017.0,155,155.0
86,SIAgent0,LOW_INCOME,1602,1602.0,847,847.0
87,SIAgent10,MALE,991,991.0,118,118.0
87,SIAgent11,FEMALE_OLD,1684,1684.0,0,0.0
87,SIAgent12,FEMALE,2017,2017.0,86,0.0
87,WEAgent18,HIGH_INCOME,1192,1192.0,1192,1192.0
87,SIAgent13,MALE_YOUNG_LOW_INCOME,367,367.0,51,51.0
87,WEAgent19,FEMALE,2017,2017.0,1180,1181.1799999999791
87,WEAgent16,MALE_OLD_HIGH_INCOME,161,161.0,0,0.0
87,WEAgent17,MALE,991,991.0,0,0.0
87,WEAgent14,MALE_OLD_HIGH_INCOME,161,161.0,0,0.0
87,WEAgent15,FEMALE_YOUNG,447,447.0,0,0.0
87,WEAgent12,FEMALE_OLD_HIGH_INCOME,162,162.0,0,0.0
87,WEAgent13,MALE_OLD,520,520.0,0,0.0
87,WEAgent9,MALE_OLD,1041,1041.0,0,0.0
87,WEAgent10,MALE_OLD_HIGH_INCOME,484,484.0,0,0.0
87,WEAgent11,MALE_HIGH_INCOME,530,530.0,0,0.0
87,WEAgent7,MALE_YOUNG_HIGH_INCOME,310,310.0,0,0.0
87,WEAgent8,FEMALE,2017,2017.0,1204,1205.2039999999786
87,WEAgent1,MALE,1982,1982.0,0,0.0
87,WEAgent2,MALE_YOUNG,941,941.0,0,0.0
87,WEAgent0,MALE_YOUNG_LOW_INCOME,1101,1101.0,0,0.0
87,SIAgent9,MALE_YOUNG_LOW_INCOME,734,734.0,60,60.0
87,WEAgent5,FEMALE_LOW_INCOME,2628,2628.0,2627,2627.648000000006
87,WEAgent6,FEMALE_OLD_HIGH_INCOME,81,81.0,0,0.0
87,SIAgent7,MALE_LOW_INCOME,2178,2178.0,50,50.0
87,WEAgent3,LOW_INCOME,3204,3204.0,3193,3193.0
87,SIAgent8,FEMALE_OLD,1123,1123.0,0,0.0
87,WEAgent4,MALE_YOUNG,1411,1411.0,0,0.0
87,SIAgent5,MALE_YOUNG_LOW_INCOME,1101,1101.0,49,49.0
87,SIAgent6,MALE_HIGH_INCOME,530,530.0,67,67.0
87,SIAgent3,FEMALE_OLD,561,561.0,0,0.0
87,SIAgent4,FEMALE_OLD_LOW_INCOME,480,480.0,0,0.0
87,SIAgent1,MALE_OLD_LOW_INCOME,1077,1077.0,0,0.0
87,SIAgent2,MALE_YOUNG_LOW_INCOME,1101,1101.0,65,65.0
87,SIAgent0,MALE_YOUNG,470,470.0,58,58.0
88,SIAgent10,YOUNG,1835,1835.0,512,512.0
88,SIAgent11,FEMALE_YOUNG_HIGH_INCOME,153,153.0,48,48.0
88,SIAgent12,MALE_YOUNG,1411,1411.0,109,109.0
88,WEAgent18,MALE_YOUNG_LOW_INCOME,367,367.0,0,0.0
88,SIAgent13,FEMALE,1008,1008.0,980,980.0
88,WEAgent19,YOUNG_LOW_INCOME,2289,2289.0,2289,2289.0
88,WEAgent16,FEMALE_OLD_LOW_INCOME,960,960.0,0,0.0
88,WEAgent17,HIGH_INCOME,1192,1192.0,0,0.0
88,WEAgent14,MALE_LOW_INCOME,726,726.0,0,0.0
88,WEAgent15,MALE_OLD_HIGH_INCOME,161,161.0,0,0.0
88,WEAgent12,FEMALE_OLD_LOW_INCOME,480,480.0,0,0.0
88,WEAgent13,FEMALE_YOUNG_HIGH_INCOME,102,102.0,0,0.0
88,WEAgent9,FEMALE,1008,1008.0,0,0.0
88,WEAgent10,MALE_YOUNG,1411,1411.0,0,0.0
88,WEAgent11,OLD_LOW_INCOME,2517,2517.0,0,0.0
88,WEAgent7,MALE_YOUNG,1411,1411.0,0,0.0
88,WEAgent8,OLD_LOW_INCOME,839,839.0,0,0.0
88,WEAgent1,YOUNG_HIGH_INCOME,154,154.0,0,0.0
88,WEAgent2,MALE_YOUNG,1411,1411.0,0,0.0
88,WEAgent0,FEMALE_YOUNG_HIGH_INCOME,153,153.0,0,0.0
88,SIAgent9,FEMALE_YOUNG,447,447.0,447,447.0
88,WEAgent5,OLD,3246,3246.0,3202,3202.0
88,WEAgent6,OLD_HIGH_INCOME,486,486.0,0,0.0
88,SIAgent7,MALE_HIGH_INCOME,530,530.0,105,105.0
88,WEAgent3,YOUNG_HIGH_INCOME,154,154.0,0,0.0
88,SIAgent8,MALE_OLD,520,520.0,0,0.0
88,WEAgent4,FEMALE_HIGH_INCOME,265,265.0,0,0.0
88,SIAgent5,OLD,1082,1082.0,563,563.0
88,SIAgent6,OLD_LOW_INCOME,1678,1678.0,545,545.0
88,SIAgent3,FEMALE_YOUNG_HIGH_INCOME,102,102.0,47,47.0
88,SIAgent4,FEMALE_YOUNG_HIGH_INCOME,51,51.0,49,49.0
88,SIAgent1,MALE,1982,1982.0,117,117.0
88,SIAgent2,MALE,1982,1982.0,111,111.0
88,SIAgent0,FEMALE_LOW_INCOME,876,876.0,876,876.0
89,SIAgent10,OLD_LOW_INCOME,2517,2517.0,999,999.0
89,SIAgent11,OLD_HIGH_INCOME,729,729.0,108,108.0
89,SIAgent12,FEMALE_YOUNG_HIGH_INCOME,51,51.0,51,51.0
89,WEAgent18,MALE,991,991.0,0,0.0
89,SIAgent13,OLD,1082,1082.0,1082,1082.0
89,WEAgent19,FEMALE_OLD_LOW_INCOME,960,960.0,0,0.0
89,WEAgent16,MALE_OLD_HIGH_INCOME,484,484.0,0,0.0
89,WEAgent17,OLD_LOW_INCOME,839,839.0,0,0.0
89,WEAgent14,FEMALE_LOW_INCOME,1752,1752.0,0,0.0
89,WEAgent15,MALE_OLD_HIGH_INCOME,161,161.0,160,160.1600000000004
89,WEAgent12,FEMALE_OLD,1684,1684.0,0,0.0
89,WEAgent13,FEMALE_LOW_INCOME,1752,1752.0,0,0.0
89,WEAgent9,FEMALE,2017,2017.0,0,0.0
89,WEAgent10,FEMALE_OLD_HIGH_INCOME,162,162.0,0,0.0
89,WEAgent11,HIGH_INCOME,795,795.0,0,0.0
89,WEAgent7,FEMALE_YOUNG,894,894.0,0,0.0
89,WEAgent8,MALE_YOUNG,941,941.0,0,0.0
89,WEAgent1,FEMALE_YOUNG,1341,1341.0,0,0.0
89,WEAgent2,OLD,1082,1082.0,1081,1081.1169999999984
89,WEAgent0,FEMALE_HIGH_INCOME,132,132.0,0,0.0
89,SIAgent9,HIGH_INCOME,1192,1192.0,337,337.0
89,WEAgent5,MALE_OLD_LOW_INCOME,1077,1077.0,0,0.0
89,WEAgent6,OLD_HIGH_INCOME,729,729.0,0,0.0
89,SIAgent7,MALE_YOUNG,470,470.0,470,470.0
89,WEAgent3,MALE_YOUNG,470,470.0,0,0.0
89,SIAgent8,HIGH_INCOME,1192,1192.0,373,373.0
89,WEAgent4,OLD_HIGH_INCOME,729,729.0,0,0.0
89,SIAgent5,FEMALE_LOW_INCOME,2628,2628.0,904,904.0
89,SIAgent6,MALE_YOUNG_LOW_INCOME,367,367.0,367,367.0
89,SIAgent3,FEMALE_YOUNG_LOW_INCOME,1188,1188.0,534,534.0
89,SIAgent4,LOW_INCOME,4807,4807.0,2200,1848.0
89,SIAgent1,YOUNG_LOW_INCOME,763,763.0,763,763.0
89,SIAgent2,MALE_YOUNG_HIGH_INCOME,310,310.0,129,129.0
89,SIAgent0,FEMALE_OLD,1684,1684.0,442,442.0
90,SIAgent10,YOUNG_HIGH_INCOME,309,309.0,87,87.0
90,SIAgent11,FEMALE_YOUNG_LOW_INCOME,1188,1188.0,61,0.0
90,SIAgent12,MALE_YOUNG,1411,1411.0,113,113.0
90,WEAgent18,OLD_LOW_INCOME,1678,1678.0,1678,1678.0
90,SIAgent13,OLD,3246,3246.0,907,907.0
90,WEAgent19,MALE_YOUNG,941,941.0,0,0.0
90,WEAgent16,YOUNG_LOW_INCOME,763,763.0,0,0.0
90,WEAgent17,FEMALE_OLD_HIGH_INCOME,81,81.0,0,0.0
90,WEAgent14,FEMALE_OLD_HIGH_INCOME,81,81.0,0,0.0
90,WEAgent15,OLD_HIGH_INCOME,243,243.0,0,0.0
90,WEAgent12,MALE_OLD_LOW_INCOME,359,359.0,0,0.0
90,WEAgent13,FEMALE_OLD,561,561.0,0,0.0
90,WEAgent9,FEMALE_YOUNG_HIGH_INCOME,153,153.0,0,0.0
90,WEAgent10,MALE_OLD_LOW_INCOME,359,359.0,0,0.0
90,WEAgent11,MALE_OLD,520,520.0,0,0.0
90,WEAgent7,MALE,1982,1982.0,0,0.0
90,WEAgent8,FEMALE_YOUNG_HIGH_INCOME,51,51.0,0,0.0
90,WEAgent1,MALE_YOUNG_LOW_INCOME,1101,1101.0,0,0.0
90,WEAgent2,FEMALE_YOUNG_LOW_INCOME,396,396.0,395,395.39499999999754
90,WEAgent0,FEMALE_YOUNG,1341,1341.0,1331,1331.4689999999941
90,SIAgent9,OLD,1082,1082.0,846,846.0
90,WEAgent5,YOUNG_LOW_INCOME,2289,2289.0,2288,2288.4529999999913
90,WEAgent6,OLD,1082,1082.0,0,0.0
90,SIAgent7,MALE_LOW_INCOME,1452,1452.0,297,297.0
90,WEAgent3,MALE_HIGH_INCOME,265,265.0,0,0.0
90,SIAgent8,MALE_OLD,1561,1561.0,501,501.0
90,WEAgent4,FEMALE,1008,1008.0,0,0.0
90,SIAgent5,MALE_HIGH_INCOME,530,530.0,314,314.0
90,SIAgent6,FEMALE_OLD_LOW_INCOME,960,960.0,239,239.0
90,SIAgent3,FEMALE_HIGH_INCOME,132,132.0,125,125.0
90,SIAgent4,MALE_OLD_LOW_INCOME,718,718.0,273,273.0
90,SIAgent1,MALE_LOW_INCOME,2178,2178.0,337,337.0
90,SIAgent2,MALE_YOUNG_HIGH_INCOME,103,103.0,103,103.0
90,SIAgent0,MALE_YOUNG_HIGH_INCOME,206,206.0,105,105.0
91,SIAgent10,MALE_YOUNG,1411,1411.0,125,125.0
91,SIAgent11,MALE_YOUNG,1411,1411.0,137,137.0
91,SIAgent12,MALE_OLD_LOW_INCOME,359,359.0,5,5.0
91,WEAgent18,OLD_LOW_INCOME,839,839.0,0,0.0
91,SIAgent13,LOW_INCOME,4807,4807.0,661,661.0
91,WEAgent19,LOW_INCOME,1602,1602.0,0,0.0
91,WEAgent16,MALE_YOUNG_LOW_INCOME,367,367.0,0,0.0
91,WEAgent17,MALE_OLD,1041,1041.0,0,0.0
91,WEAgent14,MALE_YOUNG,941,941.0,0,0.0
91,WEAgent15,LOW_INCOME,4807,4807.0,4775,4775.0
91,WEAgent12,FEMALE_OLD_HIGH_INCOME,162,162.0,0,0.0
91,WEAgent13,FEMALE_YOUNG_LOW_INCOME,396,396.0,0,0.0
91,WEAgent9,FEMALE_YOUNG_HIGH_INCOME,102,102.0,0,0.0
91,WEAgent10,FEMALE_OLD_LOW_INCOME,480,480.0,0,0.0
91,WEAgent11,MALE_OLD,1561,1561.0,0,0.0
91,WEAgent7,MALE_LOW_INCOME,1452,1452.0,0,0.0
91,WEAgent8,MALE_OLD,520,520.0,0,0.0
91,WEAgent1,HIGH_INCOME,397,397.0,0,0.0
91,WEAgent2,HIGH_INCOME,397,397.0,0,0.0
91,WEAgent0,OLD_HIGH_INCOME,729,729.0,0,0.0
91,SIAgent9,FEMALE_HIGH_INCOME,397,397.0,134,134.0
91,WEAgent5,FEMALE_OLD_LOW_INCOME,960,960.0,0,0.0
91,WEAgent6,FEMALE_HIGH_INCOME,265,265.0,0,0.0
91,SIAgent7,MALE,991,991.0,529,529.0
91,WEAgent3,FEMALE_YOUNG_HIGH_INCOME,51,51.0,0,0.0
91,SIAgent8,FEMALE_YOUNG,447,447.0,253,253.0
91,WEAgent4,MALE_OLD_LOW_INCOME,1077,1077.0,0,0.0
91,SIAgent5,FEMALE_OLD_HIGH_INCOME,162,162.0,72,72.0
91,SIAgent6,LOW_INCOME,4807,4807.0,721,721.0
91,SIAgent3,OLD_LOW_INCOME,839,839.0,484,484.0
91,SIAgent4,FEMALE,2017,2017.0,832,832.0
91,SIAgent1,FEMALE_HIGH_INCOME,265,265.0,138,138.0
91,SIAgent2,HIGH_INCOME,795,795.0,643,643.0
91,SIAgent0,OLD_LOW_INCOME,1678,1678.0,491,491.0
92,SIAgent10,FEMALE,2017,2017.0,578,578.0
92,SIAgent11,MALE,1982,1982.0,84,84.0
92,SIAgent12,FEMALE_YOUNG,894,894.0,66,66.0
92,WEAgent18,FEMALE_YOUNG_HIGH_INCOME,102,102.0,0,0.0
92,SIAgent13,YOUNG,1835,1835.0,151,151.0
92,WEAgent19,FEMALE_LOW_INCOME,876,876.0,0,0.0
92,WEAgent16,YOUNG,917,917.0,0,0.0
92,WEAgent17,MALE_YOUNG,941,941.0,0,0.0
92,WEAgent14,YOUNG_LOW_INCOME,763,763.0,0,0.0
92,WEAgent15,LOW_INCOME,4807,4807.0,2833,2835.8330000001192
92,WEAgent12,FEMALE_YOUNG_HIGH_INCOME,51,51.0,0,0.0
92,WEAgent13,OLD,2164,2164.0,2140,2140.0
92,WEAgent9,MALE_HIGH_INCOME,795,795.0,0,0.0
92,WEAgent10,MALE_HIGH_INCOME,530,530.0,0,0.0
92,WEAgent11,FEMALE_OLD,1123,1123.0,0,0.0
92,WEAgent7,MALE_HIGH_INCOME,530,530.0,0,0.0
92,WEAgent8,OLD,1082,1082.0,0,0.0
92,WEAgent1,FEMALE_YOUNG,1341,1341.0,0,0.0
92,WEAgent2,MALE,1982,1982.0,0,0.0
92,WEAgent0,MALE_YOUNG_HIGH_INCOME,206,206.0,206,206.0
92,SIAgent9,MALE_OLD,1561,1561.0,0,0.0
92,WEAgent5,LOW_INCOME,4807,4807.0,2840,2842.8400000001207
92,WEAgent6,FEMALE_LOW_INCOME,1752,1752.0,0,0.0
92,SIAgent7,FEMALE_OLD_LOW_INCOME,1440,1440.0,477,477.0
92,WEAgent3,LOW_INCOME,1602,1602.0,0,0.0
92,SIAgent8,MALE_OLD_LOW_INCOME,1077,1077.0,0,0.0
92,WEAgent4,MALE_OLD_LOW_INCOME,1077,1077.0,0,0.0
92,SIAgent5,MALE,991,991.0,75,75.0
92,SIAgent6,MALE_OLD,520,520.0,0,0.0
92,SIAgent3,MALE_LOW_INCOME,2178,2178.0,0,0.0
92,SIAgent4,MALE_HIGH_INCOME,265,265.0,59,59.0
92,SIAgent1,FEMALE_OLD,561,561.0,491,491.0
92,SIAgent2,MALE_OLD_LOW_INCOME,1077,1077.0,0,0.0
92,SIAgent0,MALE_YOUNG_LOW_INCOME,367,367.0,0,0.0
93,SIAgent10,YOUNG_HIGH_INCOME,309,309.0,26,26.0
93,SIAgent11,FEMALE_YOUNG_HIGH_INCOME,102,102.0,0,0.0
93,SIAgent12,MALE_YOUNG_LOW_INCOME,367,367.0,61,61.0
93,WEAgent18,HIGH_INCOME,397,397.0,0,0.0
93,SIAgent13,MALE_OLD_HIGH_INCOME,323,323.0,0,0.0
93,WEAgent19,YOUNG_LOW_INCOME,763,763.0,0,0.0
93,WEAgent16,FEMALE,3026,3026.0,1919,1920.901999999962
93,WEAgent17,FEMALE,3026,3026.0,1878,1879.8779999999626
93,WEAgent14,FEMALE_HIGH_INCOME,397,397.0,0,0.0
93,WEAgent15,OLD_HIGH_INCOME,486,486.0,0,0.0
93,WEAgent12,FEMALE_YOUNG_LOW_INCOME,396,396.0,0,0.0
93,WEAgent13,FEMALE_OLD_LOW_INCOME,960,960.0,0,0.0
93,WEAgent9,FEMALE_YOUNG_HIGH_INCOME,102,102.0,0,0.0
93,WEAgent10,FEMALE_YOUNG_LOW_INCOME,1188,1188.0,0,0.0
93,WEAgent11,MALE_YOUNG_LOW_INCOME,734,734.0,0,0.0
93,WEAgent7,FEMALE_OLD,1123,1123.0,0,0.0
93,WEAgent8,YOUNG_LOW_INCOME,1526,1526.0,1526,1526.0
93,WEAgent1,YOUNG_LOW_INCOME,763,763.0,0,0.0
93,WEAgent2,MALE_OLD_HIGH_INCOME,484,484.0,0,0.0
93,WEAgent0,YOUNG_HIGH_INCOME,463,463.0,463,463.0
93,SIAgent9,LOW_INCOME,1602,1602.0,699,48.0
93,WEAgent5,FEMALE_HIGH_INCOME,397,397.0,0,0.0
93,WEAgent6,OLD,3246,3246.0,3179,3179.234999999996
93,SIAgent7,FEMALE_HIGH_INCOME,132,132.0,0,0.0
93,WEAgent3,FEMALE_OLD_LOW_INCOME,1440,1440.0,0,0.0
93,SIAgent8,MALE_YOUNG,941,941.0,93,93.0
93,WEAgent4,OLD_HIGH_INCOME,729,729.0,0,0.0
93,SIAgent5,FEMALE_YOUNG_LOW_INCOME,1188,1188.0,0,0.0
93,SIAgent6,MALE_YOUNG_LOW_INCOME,734,734.0,63,63.0
93,SIAgent3,MALE,2973,2973.0,77,77.0
93,SIAgent4,FEMALE_HIGH_INCOME,397,397.0,0,0.0
93,SIAgent1,HIGH_INCOME,795,795.0,15,15.0
93,SIAgent2,OLD_HIGH_INCOME,729,729.0,1,1.0
93,SIAgent0,FEMALE_OLD_HIGH_INCOME,162,162.0,0,0.0
94,SIAgent10,MALE_YOUNG_HIGH_INCOME,206,206.0,0,0.0
94,SIAgent11,YOUNG,2753,2753.0,605,605.0
94,SIAgent12,MALE_YOUNG_LOW_INCOME,367,367.0,367,367.0
94,WEAgent18,HIGH_INCOME,795,795.0,0,0.0
94,SIAgent13,FEMALE_OLD_HIGH_INCOME,162,162.0,29,29.0
94,WEAgent19,MALE_YOUNG_LOW_INCOME,367,367.0,0,0.0
94,WEAgent16,MALE_YOUNG_LOW_INCOME,734,734.0,0,0.0
94,WEAgent17,FEMALE_OLD_LOW_INCOME,960,960.0,795,795.7949999999881
94,WEAgent14,MALE_YOUNG,470,470.0,0,0.0
94,WEAgent15,MALE_OLD_LOW_INCOME,359,359.0,0,0.0
94,WEAgent12,FEMALE_YOUNG,447,447.0,0,0.0
94,WEAgent13,FEMALE_YOUNG_HIGH_INCOME,153,153.0,0,0.0
94,WEAgent9,MALE_LOW_INCOME,1452,1452.0,0,0.0
94,WEAgent10,MALE_OLD_LOW_INCOME,718,718.0,0,0.0
94,WEAgent11,YOUNG_HIGH_INCOME,309,309.0,0,0.0
94,WEAgent7,MALE_YOUNG_HIGH_INCOME,310,310.0,0,0.0
94,WEAgent8,MALE_YOUNG_LOW_INCOME,1101,1101.0,0,0.0
94,WEAgent1,FEMALE_LOW_INCOME,2628,2628.0,2149,2149.8290000000056
94,WEAgent2,FEMALE_LOW_INCOME,1752,1752.0,0,0.0
94,WEAgent0,MALE,2973,2973.0,2932,2932.0
94,SIAgent9,OLD_HIGH_INCOME,729,729.0,41,41.0
94,WEAgent5,YOUNG_LOW_INCOME,1526,1526.0,0,0.0
94,WEAgent6,OLD_LOW_INCOME,839,839.0,0,0.0
94,SIAgent7,MALE_OLD_LOW_INCOME,718,718.0,177,0.0
94,WEAgent3,FEMALE_OLD_HIGH_INCOME,244,244.0,244,244.0
94,SIAgent8,FEMALE_YOUNG,447,447.0,204,204.0
94,WEAgent4,FEMALE_OLD_LOW_INCOME,960,960.0,782,782.7819999999884
94,SIAgent5,HIGH_INCOME,795,795.0,122,122.0
94,SIAgent6,FEMALE_OLD_HIGH_INCOME,81,81.0,27,27.0
94,SIAgent3,YOUNG_LOW_INCOME,1526,1526.0,485,485.0
94,SIAgent4,FEMALE_YOUNG_LOW_INCOME,396,396.0,134,134.0
94,SIAgent1,MALE_YOUNG_LOW_INCOME,734,734.0,402,402.0
94,SIAgent2,FEMALE_OLD,1684,1684.0,24,24.0
94,SIAgent0,YOUNG_LOW_INCOME,2289,2289.0,481,481.0
95,SIAgent10,LOW_INCOME,1602,1602.0,795,795.0
95,SIAgent11,YOUNG,917,917.0,329,329.0
95,SIAgent12,FEMALE_OLD_LOW_INCOME,480,480.0,480,480.0
95,WEAgent18,MALE_OLD_HIGH_INCOME,484,484.0,0,0.0
95,SIAgent13,YOUNG_HIGH_INCOME,154,154.0,154,154.0
95,WEAgent19,MALE_HIGH_INCOME,530,530.0,529,529.2939999999999
95,WEAgent16,YOUNG,917,917.0,0,0.0
95,WEAgent17,MALE_YOUNG,470,470.0,0,0.0
95,WEAgent14,MALE_YOUNG_HIGH_INCOME,310,310.0,0,0.0
95,WEAgent15,YOUNG_LOW_INCOME,1526,1526.0,0,0.0
95,WEAgent12,FEMALE_HIGH_INCOME,265,265.0,0,0.0
95,WEAgent13,LOW_INCOME,4807,4807.0,4765,4765.0
95,WEAgent9,FEMALE_LOW_INCOME,876,876.0,0,0.0
95,WEAgent10,MALE_HIGH_INCOME,265,265.0,264,264.26400000000064
95,WEAgent11,YOUNG_HIGH_INCOME,463,463.0,0,0.0
95,WEAgent7,OLD_HIGH_INCOME,243,243.0,0,0.0
95,WEAgent8,MALE_YOUNG_LOW_INCOME,734,734.0,0,0.0
95,WEAgent1,FEMALE_YOUNG,1341,1341.0,0,0.0
95,WEAgent2,MALE_YOUNG,470,470.0,0,0.0
95,WEAgent0,OLD_LOW_INCOME,1678,1678.0,0,0.0
95,SIAgent9,FEMALE_YOUNG,447,447.0,174,174.0
95,WEAgent5,OLD_HIGH_INCOME,243,243.0,0,0.0
95,WEAgent6,FEMALE_YOUNG_LOW_INCOME,396,396.0,0,0.0
95,SIAgent7,FEMALE_YOUNG_LOW_INCOME,1188,1188.0,127,127.0
95,WEAgent3,FEMALE_YOUNG,894,894.0,0,0.0
95,SIAgent8,HIGH_INCOME,1192,1192.0,292,271.0
95,WEAgent4,FEMALE_OLD_LOW_INCOME,960,960.0,0,0.0
95,SIAgent5,MALE_YOUNG_HIGH_INCOME,206,206.0,128,128.0
95,SIAgent6,FEMALE_OLD_HIGH_INCOME,81,81.0,81,81.0
95,SIAgent3,FEMALE_HIGH_INCOME,132,132.0,132,132.0
95,SIAgent4,MALE_OLD_LOW_INCOME,359,359.0,0,0.0
95,SIAgent1,FEMALE_LOW_INCOME,2628,2628.0,759,759.0
95,SIAgent2,FEMALE_OLD_HIGH_INCOME,162,162.0,88,88.0
95,SIAgent0,FEMALE,2017,2017.0,903,903.0
96,SIAgent10,OLD,3246,3246.0,237,237.0
96,SIAgent11,YOUNG,1835,1835.0,724,724.0
96,SIAgent12,MALE_HIGH_INCOME,265,265.0,107,107.0
96,WEAgent18,FEMALE_LOW_INCOME,2628,2628.0,0,0.0
96,SIAgent13,FEMALE_LOW_INCOME,2628,2628.0,243,243.0
96,WEAgent19,FEMALE_LOW_INCOME,1752,1752.0,0,0.0
96,WEAgent16,FEMALE_LOW_INCOME,2628,2628.0,0,0.0
96,WEAgent17,FEMALE_YOUNG,447,447.0,0,0.0
96,WEAgent14,HIGH_INCOME,795,795.0,0,0.0
96,WEAgent15,MALE_OLD_HIGH_INCOME,161,161.0,0,0.0
96,WEAgent12,FEMALE_LOW_INCOME,1752,1752.0,0,0.0
96,WEAgent13,FEMALE_OLD,1684,1684.0,0,0.0
96,WEAgent9,MALE_HIGH_INCOME,530,530.0,0,0.0
96,WEAgent10,MALE_LOW_INCOME,1452,1452.0,0,0.0
96,WEAgent11,MALE_OLD_HIGH_INCOME,484,484.0,0,0.0
96,WEAgent7,YOUNG_LOW_INCOME,2289,2289.0,0,0.0
96,WEAgent8,FEMALE,3026,3026.0,2966,2966.231999999997
96,WEAgent1,YOUNG_HIGH_INCOME,154,154.0,0,0.0
96,WEAgent2,HIGH_INCOME,397,397.0,0,0.0
96,WEAgent0,FEMALE_OLD_LOW_INCOME,480,480.0,0,0.0
96,SIAgent9,FEMALE_YOUNG_HIGH_INCOME,51,51.0,0,0.0
96,WEAgent5,FEMALE_YOUNG_LOW_INCOME,792,792.0,0,0.0
96,WEAgent6,OLD,3246,3246.0,3200,3200.2349999999965
96,SIAgent7,MALE_YOUNG_LOW_INCOME,734,734.0,672,672.0
96,WEAgent3,FEMALE_OLD_LOW_INCOME,960,960.0,0,0.0
96,SIAgent8,MALE_OLD_LOW_INCOME,718,718.0,0,0.0
96,WEAgent4,FEMALE_YOUNG_LOW_INCOME,396,396.0,0,0.0
96,SIAgent5,OLD,1082,1082.0,228,228.0
96,SIAgent6,HIGH_INCOME,397,397.0,137,137.0
96,SIAgent3,OLD_LOW_INCOME,839,839.0,231,231.0
96,SIAgent4,MALE_YOUNG_HIGH_INCOME,206,206.0,141,141.0
96,SIAgent1,OLD,3246,3246.0,247,247.0
96,SIAgent2,MALE_YOUNG_LOW_INCOME,734,734.0,610,610.0
96,SIAgent0,FEMALE,1008,1008.0,257,257.0
97,SIAgent10,MALE_HIGH_INCOME,795,795.0,44,44.0
97,SIAgent11,MALE_OLD,1041,1041.0,31,31.0
97,SIAgent12,MALE_OLD_LOW_INCOME,718,718.0,0,0.0
97,WEAgent18,FEMALE_YOUNG_HIGH_INCOME,51,51.0,0,0.0
97,SIAgent13,MALE,991,991.0,48,48.0
97,WEAgent19,MALE_YOUNG,941,941.0,0,0.0
97,WEAgent16,MALE_HIGH_INCOME,795,795.0,0,0.0
97,WEAgent17,FEMALE_YOUNG,447,447.0,0,0.0
97,WEAgent14,OLD,1082,1082.0,1082,1082.0
97,WEAgent15,MALE_YOUNG,470,470.0,470,470.0
97,WEAgent12,FEMALE_LOW_INCOME,876,876.0,875,875.1649999999972
97,WEAgent13,FEMALE_YOUNG,1341,1341.0,0,0.0
97,WEAgent9,FEMALE_YOUNG_HIGH_INCOME,153,153.0,0,0.0
97,WEAgent10,FEMALE_YOUNG,894,894.0,697,697.6969999999905
97,WEAgent11,FEMALE_YOUNG_HIGH_INCOME,51,51.0,0,0.0
97,WEAgent7,FEMALE_YOUNG,894,894.0,722,722.7219999999899
97,WEAgent8,MALE_YOUNG_HIGH_INCOME,103,103.0,0,0.0
97,WEAgent1,YOUNG,1835,1835.0,0,0.0
97,WEAgent2,YOUNG,1835,1835.0,0,0.0
97,WEAgent0,FEMALE_HIGH_INCOME,397,397.0,0,0.0
97,SIAgent9,YOUNG_HIGH_INCOME,154,154.0,7,7.0
97,WEAgent5,MALE_OLD,520,520.0,0,0.0
97,WEAgent6,MALE,1982,1982.0,0,0.0
97,SIAgent7,FEMALE_HIGH_INCOME,397,397.0,2,2.0
97,WEAgent3,LOW_INCOME,4807,4807.0,4158,4158.587000000061
97,SIAgent8,FEMALE_HIGH_INCOME,265,265.0,3,3.0
97,WEAgent4,MALE_OLD_LOW_INCOME,359,359.0,0,0.0
97,SIAgent5,FEMALE_HIGH_INCOME,397,397.0,0,0.0
97,SIAgent6,MALE_YOUNG_LOW_INCOME,734,734.0,10,10.0
97,SIAgent3,MALE_OLD,1561,1561.0,36,36.0
97,SIAgent4,YOUNG_HIGH_INCOME,463,463.0,8,8.0
97,SIAgent1,MALE,991,991.0,54,54.0
97,SIAgent2,LOW_INCOME,4807,4807.0,1749,9.0
97,SIAgent0,FEMALE_OLD_HIGH_INCOME,81,81.0,4,4.0
98,SIAgent10,FEMALE_OLD,1684,1684.0,250,250.0
98,SIAgent11,LOW_INCOME,1602,1602.0,554,554.0
98,SIAgent12,MALE_HIGH_INCOME,265,265.0,265,265.0
98,WEAgent18,YOUNG_LOW_INCOME,1526,1526.0,0,0.0
98,SIAgent13,MALE_YOUNG,1411,1411.0,61,61.0
98,WEAgent19,MALE_LOW_INCOME,2178,2178.0,0,0.0
98,WEAgent16,FEMALE_YOUNG,894,894.0,0,0.0
98,WEAgent17,MALE_YOUNG,470,470.0,0,0.0
98,WEAgent14,YOUNG_HIGH_INCOME,463,463.0,0,0.0
98,WEAgent15,OLD_HIGH_INCOME,729,729.0,0,0.0
98,WEAgent12,MALE_HIGH_INCOME,530,530.0,0,0.0
98,WEAgent13,MALE_YOUNG_HIGH_INCOME,206,206.0,0,0.0
98,WEAgent9,YOUNG_HIGH_INCOME,463,463.0,0,0.0
98,WEAgent10,MALE_OLD_HIGH_INCOME,161,161.0,0,0.0
98,WEAgent11,FEMALE_OLD,1684,1684.0,1684,1684.0
98,WEAgent7,MALE,1982,1982.0,0,0.0
98,WEAgent8,FEMALE_YOUNG_HIGH_INCOME,153,153.0,0,0.0
98,WEAgent1,LOW_INCOME,3204,3204.0,3183,3183.365999999993
98,WEAgent2,FEMALE_OLD_LOW_INCOME,1440,1440.0,0,0.0
98,WEAgent0,FEMALE_YOUNG_LOW_INCOME,396,396.0,395,395.39499999999754
98,SIAgent9,YOUNG,917,917.0,231,231.0
98,WEAgent5,OLD_HIGH_INCOME,729,729.0,0,0.0
98,WEAgent6,MALE_OLD_LOW_INCOME,359,359.0,0,0.0
98,SIAgent7,MALE_YOUNG_HIGH_INCOME,310,310.0,82,82.0
98,WEAgent3,YOUNG_HIGH_INCOME,154,154.0,0,0.0
98,SIAgent8,OLD,3246,3246.0,949,949.0
98,WEAgent4,MALE_OLD,1561,1561.0,0,0.0
98,SIAgent5,FEMALE_OLD,1684,1684.0,259,259.0
98,SIAgent6,YOUNG_HIGH_INCOME,309,309.0,184,184.0
98,SIAgent3,OLD_LOW_INCOME,2517,2517.0,449,449.0
98,SIAgent4,OLD_LOW_INCOME,839,839.0,465,465.0
98,SIAgent1,YOUNG,1835,1835.0,246,246.0
98,SIAgent2,MALE_YOUNG_LOW_INCOME,734,734.0,0,0.0
98,SIAgent0,MALE,2973,2973.0,743,743.0
99,SIAgent10,HIGH_INCOME,795,795.0,236,236.0
99,SIAgent11,FEMALE_YOUNG_LOW_INCOME,1188,1188.0,52,52.0
99,SIAgent12,FEMALE_YOUNG_LOW_INCOME,1188,1188.0,61,61.0
99,WEAgent18,FEMALE_HIGH_INCOME,132,132.0,0,0.0
99,SIAgent13,MALE_OLD_LOW_INCOME,359,359.0,0,0.0
99,WEAgent19,YOUNG,1835,1835.0,0,0.0
99,WEAgent16,LOW_INCOME,3204,3204.0,3180,3180.4179999999924
99,WEAgent17,FEMALE,2017,2017.0,0,0.0
99,WEAgent14,YOUNG_LOW_INCOME,2289,2289.0,2288,2288.426999999992
99,WEAgent15,FEMALE_OLD_HIGH_INCOME,81,81.0,0,0.0
99,WEAgent12,FEMALE_HIGH_INCOME,397,397.0,0,0.0
99,WEAgent13,FEMALE_OLD_LOW_INCOME,960,960.0,0,0.0
99,WEAgent9,MALE_OLD_HIGH_INCOME,161,161.0,0,0.0
99,WEAgent10,MALE_OLD,1561,1561.0,0,0.0
99,WEAgent11,YOUNG,917,917.0,0,0.0
99,WEAgent7,FEMALE_LOW_INCOME,876,876.0,0,0.0
99,WEAgent8,MALE_YOUNG_LOW_INCOME,367,367.0,0,0.0
99,WEAgent1,YOUNG_HIGH_INCOME,154,154.0,142,142.11300000000017
99,WEAgent2,FEMALE_OLD_LOW_INCOME,960,960.0,0,0.0
99,WEAgent0,MALE,991,991.0,0,0.0
99,SIAgent9,FEMALE_HIGH_INCOME,265,265.0,94,94.0
99,WEAgent5,FEMALE_OLD,1123,1123.0,1123,1123.0
99,WEAgent6,OLD_LOW_INCOME,1678,1678.0,0,0.0
99,SIAgent7,MALE_YOUNG_LOW_INCOME,367,367.0,11,11.0
99,WEAgent3,LOW_INCOME,1602,1602.0,0,0.0
99,SIAgent8,YOUNG_LOW_INCOME,763,763.0,59,59.0
99,WEAgent4,YOUNG_HIGH_INCOME,309,309.0,308,308.100999999999
99,SIAgent5,OLD,2164,2164.0,1482,202.0
99,SIAgent6,MALE_HIGH_INCOME,265,265.0,170,170.0
99,SIAgent3,HIGH_INCOME,795,795.0,215,215.0
99,SIAgent4,OLD_HIGH_INCOME,729,729.0,201,201.0
99,SIAgent1,MALE,991,991.0,176,176.0
99,SIAgent2,MALE_YOUNG_HIGH_INCOME,310,310.0,46,46.0
99,SIAgent0,MALE,991,991.0,156,156.0

