0,WEAgent1,FEMALE,2017,2017.0,2017,2017.0
0,WEAgent2,MALE_OLD_LOW_INCOME,1077,1077.0,0,0.0
0,WEAgent0,FEMALE_OLD_HIGH_INCOME,162,162.0,0,0.0
0,SIAgent9,MALE_YOUNG,941,941.0,783,783.0
0,WEAgent5,FEMALE_HIGH_INCOME,132,132.0,0,0.0
0,WEAgent6,OLD_LOW_INCOME,1678,1678.0,0,0.0
0,SIAgent7,MALE_LOW_INCOME,726,726.0,726,726.0
0,WEAgent3,MALE_OLD,520,520.0,0,0.0
0,SIAgent8,FEMALE_YOUNG_HIGH_INCOME,102,102.0,48,48.0
0,WEAgent4,YOUNG_HIGH_INCOME,309,309.0,0,0.0
0,SIAgent5,FEMALE_YOUNG_LOW_INCOME,792,792.0,420,420.0
0,SIAgent6,FEMALE_HIGH_INCOME,265,265.0,62,62.0
0,SIAgent3,FEMALE_OLD_LOW_INCOME,960,960.0,611,611.0
0,SIAgent4,LOW_INCOME,3204,3204.0,2862,2015.0
0,SIAgent1,YOUNG,2753,2753.0,1243,1243.0
0,SIAgent2,FEMALE_YOUNG,894,894.0,453,453.0
0,SIAgent0,OLD_HIGH_INCOME,729,729.0,775,5.0
0,WEAgent7,FEMALE_HIGH_INCOME,132,132.0,0,0.0
0,WFAgent0,FEMALE_OLD_LOW_INCOME,960,960.0,0,0.0
1,WEAgent1,MALE_YOUNG_HIGH_INCOME,103,103.0,0,0.0
1,WEAgent2,YOUNG_LOW_INCOME,2289,2289.0,0,0.0
1,WEAgent0,MALE_HIGH_INCOME,530,530.0,0,0.0
1,SIAgent9,MALE,2973,2973.0,96,96.0
1,WEAgent5,HIGH_INCOME,397,397.0,396,396.35599999999846
1,WEAgent6,LOW_INCOME,4807,4807.0,5588,3557.0
1,SIAgent7,MALE,2973,2973.0,81,81.0
1,WEAgent3,OLD,1082,1082.0,1080,1081.0799999999815
1,SIAgent8,MALE_OLD,1041,1041.0,12,12.0
1,WEAgent4,MALE_YOUNG_LOW_INCOME,367,367.0,0,0.0
1,SIAgent5,FEMALE_HIGH_INCOME,132,132.0,132,132.0
1,SIAgent6,HIGH_INCOME,1192,1192.0,364,343.0
1,SIAgent3,YOUNG_HIGH_INCOME,309,309.0,197,197.0
1,SIAgent4,MALE_YOUNG_LOW_INCOME,1101,1101.0,0,0.0
1,SIAgent1,MALE_YOUNG_HIGH_INCOME,206,206.0,94,94.0
1,SIAgent2,FEMALE_OLD_HIGH_INCOME,162,162.0,162,162.0
1,SIAgent0,MALE_YOUNG_HIGH_INCOME,103,103.0,80,80.0
1,WEAgent7,OLD_LOW_INCOME,1678,1678.0,1718,718.71799999999
1,WFAgent0,FEMALE_YOUNG_HIGH_INCOME,153,153.0,0,0.0
2,WEAgent1,FEMALE_HIGH_INCOME,265,265.0,0,0.0
2,WEAgent2,MALE_OLD_LOW_INCOME,1077,1077.0,0,0.0
2,WEAgent0,FEMALE_OLD_HIGH_INCOME,162,162.0,0,0.0
2,SIAgent9,OLD_LOW_INCOME,2517,2517.0,1357,1357.0
2,WEAgent5,MALE_YOUNG_LOW_INCOME,734,734.0,0,0.0
2,WEAgent6,MALE_OLD_HIGH_INCOME,484,484.0,0,0.0
2,SIAgent7,HIGH_INCOME,397,397.0,397,397.0
2,WEAgent3,MALE_HIGH_INCOME,530,530.0,530,530.0
2,SIAgent8,MALE_YOUNG,470,470.0,102,102.0
2,WEAgent4,FEMALE_OLD_HIGH_INCOME,244,244.0,0,0.0
2,SIAgent5,FEMALE_YOUNG,894,894.0,586,586.0
2,SIAgent6,YOUNG_HIGH_INCOME,309,309.0,178,178.0
2,SIAgent3,MALE_YOUNG,470,470.0,129,129.0
2,SIAgent4,MALE,991,991.0,924,809.0
2,SIAgent1,FEMALE_OLD,1684,1684.0,919,919.0
2,SIAgent2,MALE_OLD_LOW_INCOME,1077,1077.0,602,602.0
2,SIAgent0,FEMALE,2017,2017.0,1559,1559.0
2,WEAgent7,YOUNG_HIGH_INCOME,463,463.0,0,0.0
2,WFAgent0,YOUNG,2753,2753.0,2717,2717.0
3,WEAgent1,MALE_YOUNG_HIGH_INCOME,103,103.0,0,0.0
3,WEAgent2,MALE_YOUNG,470,470.0,470,470.0
3,WEAgent0,OLD_HIGH_INCOME,243,243.0,0,0.0
3,SIAgent9,FEMALE,2017,2017.0,1034,1034.0
3,WEAgent5,FEMALE_OLD_LOW_INCOME,960,960.0,959,959.2400000000008
3,WEAgent6,MALE_YOUNG_HIGH_INCOME,206,206.0,0,0.0
3,SIAgent7,YOUNG_LOW_INCOME,1526,1526.0,915,915.0
3,WEAgent3,FEMALE_OLD,1123,1123.0,0,0.0
3,SIAgent8,MALE_OLD_HIGH_INCOME,484,484.0,6,6.0
3,WEAgent4,OLD,3246,3246.0,3110,3110.2349999999965
3,SIAgent5,FEMALE_YOUNG_LOW_INCOME,792,792.0,295,295.0
3,SIAgent6,HIGH_INCOME,795,795.0,148,148.0
3,SIAgent3,LOW_INCOME,3204,3204.0,1543,1543.0
3,SIAgent4,MALE_YOUNG,1411,1411.0,710,710.0
3,SIAgent1,FEMALE_YOUNG_LOW_INCOME,1188,1188.0,360,360.0
3,SIAgent2,FEMALE_YOUNG_HIGH_INCOME,51,51.0,51,51.0
3,SIAgent0,MALE_OLD,520,520.0,3,3.0
3,WEAgent7,MALE_YOUNG_HIGH_INCOME,310,310.0,0,0.0
3,WFAgent0,FEMALE_YOUNG_LOW_INCOME,396,396.0,396,396.0
4,WEAgent1,MALE,1982,1982.0,0,0.0
4,WEAgent2,MALE_OLD_HIGH_INCOME,323,323.0,0,0.0
4,WEAgent0,YOUNG_LOW_INCOME,2289,2289.0,0,0.0
4,SIAgent9,FEMALE_OLD_HIGH_INCOME,244,244.0,20,20.0
4,WEAgent5,LOW_INCOME,4807,4807.0,4765,4765.776000000063
4,WEAgent6,OLD,2164,2164.0,1787,1788.2059999999767
4,SIAgent7,YOUNG_LOW_INCOME,1526,1526.0,0,0.0
4,WEAgent3,YOUNG_LOW_INCOME,2289,2289.0,0,0.0
4,SIAgent8,MALE_YOUNG,1411,1411.0,187,187.0
4,WEAgent4,LOW_INCOME,1602,1602.0,1600,1601.5999999999692
4,SIAgent5,OLD_LOW_INCOME,2517,2517.0,307,307.0
4,SIAgent6,FEMALE_YOUNG_LOW_INCOME,1188,1188.0,0,0.0
4,SIAgent3,MALE_YOUNG,1411,1411.0,165,165.0
4,SIAgent4,YOUNG_HIGH_INCOME,309,309.0,414,155.0
4,SIAgent1,MALE_OLD,1561,1561.0,17,17.0
4,SIAgent2,OLD_LOW_INCOME,2517,2517.0,349,349.0
4,SIAgent0,FEMALE_OLD_HIGH_INCOME,81,81.0,13,13.0
4,WEAgent7,MALE_LOW_INCOME,1452,1452.0,0,0.0
4,WFAgent0,MALE_OLD_HIGH_INCOME,484,484.0,376,376.375999999998
5,WEAgent1,FEMALE_OLD,1123,1123.0,1122,1122.2450000000008
5,WEAgent2,OLD,3246,3246.0,1689,1690.688999999967
5,WEAgent0,MALE_OLD_HIGH_INCOME,484,484.0,0,0.0
5,SIAgent9,MALE_OLD,520,520.0,0,0.0
5,WEAgent5,OLD_HIGH_INCOME,243,243.0,0,0.0
5,WEAgent6,YOUNG_LOW_INCOME,763,763.0,0,0.0
5,SIAgent7,MALE_YOUNG,941,941.0,941,941.0
5,WEAgent3,MALE_LOW_INCOME,2178,2178.0,0,0.0
5,SIAgent8,FEMALE_YOUNG,1341,1341.0,590,590.0
5,WEAgent4,OLD,3246,3246.0,1707,1708.7069999999667
5,SIAgent5,MALE_HIGH_INCOME,530,530.0,137,137.0
5,SIAgent6,FEMALE_YOUNG,894,894.0,589,589.0
5,SIAgent3,HIGH_INCOME,1192,1192.0,193,193.0
5,SIAgent4,MALE_HIGH_INCOME,265,265.0,126,126.0
5,SIAgent1,LOW_INCOME,3204,3204.0,1961,1719.0
5,SIAgent2,FEMALE,1008,1008.0,945,945.0
5,SIAgent0,MALE_OLD_HIGH_INCOME,484,484.0,0,0.0
5,WEAgent7,MALE_OLD_HIGH_INCOME,323,323.0,0,0.0
5,WFAgent0,LOW_INCOME,1602,1602.0,0,0.0
6,WEAgent1,FEMALE_HIGH_INCOME,397,397.0,0,0.0
6,WEAgent2,LOW_INCOME,1602,1602.0,0,0.0
6,WEAgent0,MALE_YOUNG,470,470.0,0,0.0
6,SIAgent9,MALE,1982,1982.0,1410,1410.0
6,WEAgent5,MALE_YOUNG,470,470.0,0,0.0
6,WEAgent6,OLD_LOW_INCOME,2517,2517.0,0,0.0
6,SIAgent7,YOUNG,1835,1835.0,1099,1099.0
6,WEAgent3,HIGH_INCOME,397,397.0,0,0.0
6,SIAgent8,FEMALE_YOUNG_HIGH_INCOME,51,51.0,2,2.0
6,WEAgent4,MALE_YOUNG,1411,1411.0,0,0.0
6,SIAgent5,MALE_YOUNG_HIGH_INCOME,103,103.0,83,83.0
6,SIAgent6,HIGH_INCOME,1192,1192.0,356,356.0
6,SIAgent3,LOW_INCOME,4807,4807.0,2469,1687.0
6,SIAgent4,MALE_LOW_INCOME,1452,1452.0,1073,1073.0
6,SIAgent1,FEMALE_YOUNG_HIGH_INCOME,153,153.0,1,1.0
6,SIAgent2,HIGH_INCOME,1192,1192.0,406,406.0
6,SIAgent0,YOUNG_HIGH_INCOME,309,309.0,77,77.0
6,WEAgent7,FEMALE,3026,3026.0,3024,3024.0
6,WFAgent0,MALE_YOUNG_LOW_INCOME,367,367.0,0,0.0
7,WEAgent1,MALE_OLD_HIGH_INCOME,484,484.0,0,0.0
7,WEAgent2,MALE_OLD,520,520.0,520,520.0
7,WEAgent0,FEMALE_YOUNG_LOW_INCOME,396,396.0,0,0.0
7,SIAgent9,FEMALE,1008,1008.0,1008,1008.0
7,WEAgent5,YOUNG_LOW_INCOME,2289,2289.0,0,0.0
7,WEAgent6,FEMALE_OLD_HIGH_INCOME,244,244.0,244,244.0
7,SIAgent7,FEMALE_OLD_LOW_INCOME,1440,1440.0,738,738.0
7,WEAgent3,YOUNG_HIGH_INCOME,309,309.0,287,287.0
7,SIAgent8,MALE_YOUNG_LOW_INCOME,367,367.0,137,137.0
7,WEAgent4,MALE_OLD_HIGH_INCOME,323,323.0,0,0.0
7,SIAgent5,MALE_OLD,1561,1561.0,1119,1119.0
7,SIAgent6,FEMALE_HIGH_INCOME,132,132.0,93,25.0
7,SIAgent3,FEMALE,1008,1008.0,1008,1008.0
7,SIAgent4,MALE_YOUNG_HIGH_INCOME,206,206.0,206,206.0
7,SIAgent1,MALE_YOUNG,470,470.0,424,342.0
7,SIAgent2,MALE_OLD,1561,1561.0,1036,1036.0
7,SIAgent0,FEMALE_LOW_INCOME,2628,2628.0,1654,1259.0
7,WEAgent7,YOUNG_LOW_INCOME,1526,1526.0,1526,1526.0
7,WFAgent0,MALE_HIGH_INCOME,530,530.0,0,0.0
8,WEAgent1,MALE_OLD_LOW_INCOME,359,359.0,0,0.0
8,WEAgent2,OLD_LOW_INCOME,2517,2517.0,2499,2499.6749999999865
8,WEAgent0,HIGH_INCOME,1192,1192.0,0,0.0
8,SIAgent9,MALE_YOUNG_HIGH_INCOME,206,206.0,126,126.0
8,WEAgent5,MALE_YOUNG_HIGH_INCOME,206,206.0,0,0.0
8,WEAgent6,FEMALE_YOUNG_LOW_INCOME,396,396.0,0,0.0
8,SIAgent7,FEMALE_OLD,1123,1123.0,706,706.0
8,WEAgent3,FEMALE,2017,2017.0,1997,1997.7299999999852
8,SIAgent8,MALE_YOUNG_HIGH_INCOME,103,103.0,103,103.0
8,WEAgent4,YOUNG_HIGH_INCOME,309,309.0,0,0.0
8,SIAgent5,MALE,991,991.0,2209,414.0
8,SIAgent6,MALE_OLD_LOW_INCOME,359,359.0,0,0.0
8,SIAgent3,MALE_HIGH_INCOME,265,265.0,265,265.0
8,SIAgent4,MALE_HIGH_INCOME,795,795.0,413,413.0
8,SIAgent1,FEMALE,2017,2017.0,1195,1195.0
8,SIAgent2,FEMALE_YOUNG_HIGH_INCOME,153,153.0,0,0.0
8,SIAgent0,FEMALE_YOUNG_LOW_INCOME,792,792.0,487,487.0
8,WEAgent7,MALE_OLD_HIGH_INCOME,484,484.0,0,0.0
8,WFAgent0,OLD,2164,2164.0,0,0.0
9,WEAgent1,FEMALE_YOUNG,1341,1341.0,0,0.0
9,WEAgent2,MALE_YOUNG_HIGH_INCOME,103,103.0,0,0.0
9,WEAgent0,MALE_YOUNG,941,941.0,916,916.0
9,SIAgent9,FEMALE,2017,2017.0,824,802.0
9,WEAgent5,YOUNG_LOW_INCOME,763,763.0,0,0.0
9,WEAgent6,FEMALE_LOW_INCOME,876,876.0,0,0.0
9,SIAgent7,YOUNG_HIGH_INCOME,309,309.0,72,72.0
9,WEAgent3,OLD,3246,3246.0,3244,3244.234999999996
9,SIAgent8,OLD_HIGH_INCOME,486,486.0,3,3.0
9,WEAgent4,FEMALE_OLD_HIGH_INCOME,244,244.0,0,0.0
9,SIAgent5,OLD,1082,1082.0,788,788.0
9,SIAgent6,HIGH_INCOME,397,397.0,71,71.0
9,SIAgent3,MALE_OLD_LOW_INCOME,1077,1077.0,3,3.0
9,SIAgent4,MALE_YOUNG,941,941.0,1393,0.0
9,SIAgent1,HIGH_INCOME,795,795.0,53,53.0
9,SIAgent2,MALE_HIGH_INCOME,795,795.0,5,5.0
9,SIAgent0,MALE_OLD,1561,1561.0,1,1.0
9,WEAgent7,OLD_HIGH_INCOME,243,243.0,0,0.0
9,WFAgent0,FEMALE_LOW_INCOME,2628,2628.0,2627,2627.2549999999965
10,WEAgent1,FEMALE_YOUNG_LOW_INCOME,792,792.0,0,0.0
10,WEAgent2,FEMALE,3026,3026.0,3019,3019.3829999999934
10,WEAgent0,FEMALE_HIGH_INCOME,397,397.0,0,0.0
10,SIAgent9,FEMALE_YOUNG,1341,1341.0,0,0.0
10,WEAgent5,MALE_YOUNG_LOW_INCOME,1101,1101.0,0,0.0
10,WEAgent6,MALE_OLD,520,520.0,0,0.0
10,SIAgent7,MALE_OLD_LOW_INCOME,718,718.0,594,594.0
10,WEAgent3,MALE_OLD_HIGH_INCOME,161,161.0,0,0.0
10,SIAgent8,MALE_OLD_HIGH_INCOME,484,484.0,394,394.0
10,WEAgent4,FEMALE_OLD,561,561.0,560,560.371999999998
10,SIAgent5,FEMALE_OLD_LOW_INCOME,1440,1440.0,703,703.0
10,SIAgent6,MALE_LOW_INCOME,2178,2178.0,636,636.0
10,SIAgent3,FEMALE,3026,3026.0,775,760.0
10,SIAgent4,MALE_HIGH_INCOME,795,795.0,912,398.0
10,SIAgent1,YOUNG_LOW_INCOME,1526,1526.0,0,0.0
10,SIAgent2,MALE_LOW_INCOME,2178,2178.0,618,618.0
10,SIAgent0,YOUNG_LOW_INCOME,763,763.0,0,0.0
10,WEAgent7,FEMALE_YOUNG_LOW_INCOME,792,792.0,0,0.0
10,WFAgent0,YOUNG,1835,1835.0,1789,1789.0
11,WEAgent1,YOUNG_HIGH_INCOME,309,309.0,0,0.0
11,WEAgent2,FEMALE_LOW_INCOME,2628,2628.0,2628,2628.0
11,WEAgent0,MALE_YOUNG_LOW_INCOME,367,367.0,0,0.0
11,SIAgent9,FEMALE_OLD_HIGH_INCOME,81,81.0,0,0.0
11,WEAgent5,MALE_YOUNG,470,470.0,0,0.0
11,WEAgent6,MALE_HIGH_INCOME,795,795.0,0,0.0
11,SIAgent7,FEMALE,1008,1008.0,696,696.0
11,WEAgent3,OLD,1082,1082.0,1079,1079.0
11,SIAgent8,YOUNG,2753,2753.0,2428,133.0
11,WEAgent4,FEMALE_YOUNG_HIGH_INCOME,51,51.0,0,0.0
11,SIAgent5,OLD_HIGH_INCOME,729,729.0,64,64.0
11,SIAgent6,OLD,2164,2164.0,1260,1260.0
11,SIAgent3,FEMALE_YOUNG,894,894.0,116,116.0
11,SIAgent4,FEMALE_YOUNG_LOW_INCOME,1188,1188.0,35,35.0
11,SIAgent1,MALE_OLD,520,520.0,520,520.0
11,SIAgent2,FEMALE_OLD_HIGH_INCOME,244,244.0,0,0.0
11,SIAgent0,OLD_LOW_INCOME,2517,2517.0,1174,1174.0
11,WEAgent7,MALE_OLD_LOW_INCOME,1077,1077.0,0,0.0
11,WFAgent0,FEMALE_OLD_HIGH_INCOME,244,244.0,0,0.0
12,WEAgent1,YOUNG,2753,2753.0,1426,1427.4099999999737
12,WEAgent2,FEMALE_YOUNG_HIGH_INCOME,102,102.0,0,0.0
12,WEAgent0,MALE_OLD_HIGH_INCOME,323,323.0,0,0.0
12,SIAgent9,MALE_OLD_LOW_INCOME,718,718.0,604,604.0
12,WEAgent5,MALE_OLD_LOW_INCOME,359,359.0,0,0.0
12,WEAgent6,FEMALE_YOUNG_HIGH_INCOME,102,102.0,0,0.0
12,SIAgent7,OLD,3246,3246.0,1918,790.0
12,WEAgent3,MALE_OLD_HIGH_INCOME,484,484.0,0,0.0
12,SIAgent8,FEMALE_YOUNG,894,894.0,1625,0.0
12,WEAgent4,YOUNG,2753,2753.0,1511,1512.5109999999713
12,SIAgent5,MALE,991,991.0,853,853.0
12,SIAgent6,FEMALE_YOUNG_HIGH_INCOME,51,51.0,0,0.0
12,SIAgent3,MALE_OLD_HIGH_INCOME,161,161.0,161,161.0
12,SIAgent4,YOUNG_HIGH_INCOME,463,463.0,0,0.0
12,SIAgent1,MALE_YOUNG_LOW_INCOME,734,734.0,0,0.0
12,SIAgent2,MALE_YOUNG_LOW_INCOME,1101,1101.0,0,0.0
12,SIAgent0,MALE_HIGH_INCOME,265,265.0,224,224.0
12,WEAgent7,OLD_LOW_INCOME,1678,1678.0,1678,1678.0
12,WFAgent0,MALE_YOUNG,1411,1411.0,0,0.0
13,WEAgent1,FEMALE_YOUNG_LOW_INCOME,1188,1188.0,0,0.0
13,WEAgent2,MALE,991,991.0,991,991.0
13,WEAgent0,FEMALE_YOUNG_HIGH_INCOME,153,153.0,0,0.0
13,SIAgent9,OLD_LOW_INCOME,2517,2517.0,1327,1295.0
13,WEAgent5,FEMALE_OLD_LOW_INCOME,960,960.0,960,960.0
13,WEAgent6,FEMALE_HIGH_INCOME,265,265.0,0,0.0
13,SIAgent7,FEMALE_HIGH_INCOME,397,397.0,171,171.0
13,WEAgent3,FEMALE_YOUNG_LOW_INCOME,792,792.0,0,0.0
13,SIAgent8,MALE_YOUNG_HIGH_INCOME,103,103.0,1,0.0
13,WEAgent4,FEMALE_LOW_INCOME,1752,1752.0,0,0.0
13,SIAgent5,FEMALE_OLD_HIGH_INCOME,162,162.0,95,95.0
13,SIAgent6,MALE_OLD,1041,1041.0,1041,1041.0
13,SIAgent3,FEMALE_LOW_INCOME,2628,2628.0,1156,1156.0
13,SIAgent4,FEMALE_YOUNG,894,894.0,737,737.0
13,SIAgent1,FEMALE,3026,3026.0,1322,1322.0
13,SIAgent2,FEMALE_YOUNG_HIGH_INCOME,51,51.0,51,51.0
13,SIAgent0,OLD_HIGH_INCOME,729,729.0,262,251.0
13,WEAgent7,FEMALE_LOW_INCOME,1752,1752.0,0,0.0
13,WFAgent0,FEMALE_HIGH_INCOME,265,265.0,0,0.0
14,WEAgent1,FEMALE_YOUNG_HIGH_INCOME,153,153.0,0,0.0
14,WEAgent2,MALE_YOUNG_LOW_INCOME,1101,1101.0,0,0.0
14,WEAgent0,MALE_OLD_HIGH_INCOME,484,484.0,0,0.0
14,SIAgent9,MALE_YOUNG,1411,1411.0,932,932.0
14,WEAgent5,YOUNG_HIGH_INCOME,309,309.0,0,0.0
14,WEAgent6,OLD_HIGH_INCOME,729,729.0,0,0.0
14,SIAgent7,MALE,1982,1982.0,2344,1953.0
14,WEAgent3,FEMALE_LOW_INCOME,1752,1752.0,1752,1752.0
14,SIAgent8,FEMALE_OLD,1123,1123.0,856,171.0
14,WEAgent4,OLD_LOW_INCOME,1678,1678.0,0,0.0
14,SIAgent5,YOUNG_HIGH_INCOME,154,154.0,175,154.0
14,SIAgent6,MALE_OLD_LOW_INCOME,1077,1077.0,898,898.0
14,SIAgent3,MALE_HIGH_INCOME,265,265.0,265,265.0
14,SIAgent4,FEMALE_YOUNG_HIGH_INCOME,51,51.0,51,51.0
14,SIAgent1,MALE_YOUNG,470,470.0,470,470.0
14,SIAgent2,FEMALE_YOUNG_HIGH_INCOME,51,51.0,51,51.0
14,SIAgent0,FEMALE_OLD_HIGH_INCOME,162,162.0,162,162.0
14,WEAgent7,FEMALE_YOUNG,894,894.0,0,0.0
14,WFAgent0,FEMALE_LOW_INCOME,2628,2628.0,0,0.0
15,WEAgent1,LOW_INCOME,3204,3204.0,3131,3131.4139999999925
15,WEAgent2,FEMALE_YOUNG,447,447.0,0,0.0
15,WEAgent0,MALE_YOUNG,1411,1411.0,0,0.0
15,SIAgent9,FEMALE_YOUNG_HIGH_INCOME,102,102.0,0,0.0
15,WEAgent5,YOUNG_LOW_INCOME,763,763.0,0,0.0
15,WEAgent6,FEMALE_OLD_LOW_INCOME,480,480.0,480,480.0
15,SIAgent7,OLD,2164,2164.0,2174,1058.0
15,WEAgent3,MALE_LOW_INCOME,2178,2178.0,0,0.0
15,SIAgent8,MALE_OLD_LOW_INCOME,718,718.0,0,0.0
15,WEAgent4,FEMALE_YOUNG_LOW_INCOME,792,792.0,0,0.0
15,SIAgent5,FEMALE_LOW_INCOME,876,876.0,876,876.0
15,SIAgent6,YOUNG,1835,1835.0,141,141.0
15,SIAgent3,FEMALE_YOUNG,894,894.0,114,114.0
15,SIAgent4,MALE_YOUNG,1411,1411.0,20,20.0
15,SIAgent1,FEMALE_HIGH_INCOME,397,397.0,216,216.0
15,SIAgent2,FEMALE_YOUNG_HIGH_INCOME,153,153.0,0,0.0
15,SIAgent0,YOUNG_LOW_INCOME,1526,1526.0,103,103.0
15,WEAgent7,YOUNG,2753,2753.0,2745,2745.4269999999915
15,WFAgent0,FEMALE_HIGH_INCOME,397,397.0,0,0.0
16,WEAgent1,YOUNG,2753,2753.0,0,0.0
16,WEAgent2,MALE_YOUNG_LOW_INCOME,367,367.0,0,0.0
16,WEAgent0,FEMALE,2017,2017.0,0,0.0
16,SIAgent9,LOW_INCOME,4807,4807.0,3799,1904.0
16,WEAgent5,HIGH_INCOME,397,397.0,786,0.0
16,WEAgent6,MALE_YOUNG_LOW_INCOME,734,734.0,0,0.0
16,SIAgent7,OLD,3246,3246.0,1307,1307.0
16,WEAgent3,FEMALE_YOUNG_LOW_INCOME,1188,1188.0,0,0.0
16,SIAgent8,MALE_OLD_LOW_INCOME,718,718.0,312,312.0
16,WEAgent4,YOUNG,2753,2753.0,0,0.0
16,SIAgent5,FEMALE_YOUNG_LOW_INCOME,1188,1188.0,991,991.0
16,SIAgent6,MALE_OLD_HIGH_INCOME,323,323.0,278,278.0
16,SIAgent3,MALE_OLD_LOW_INCOME,359,359.0,261,261.0
16,SIAgent4,FEMALE_OLD_HIGH_INCOME,244,244.0,125,125.0
16,SIAgent1,OLD_LOW_INCOME,1678,1678.0,873,873.0
16,SIAgent2,OLD_LOW_INCOME,1678,1678.0,887,887.0
16,SIAgent0,OLD_HIGH_INCOME,486,486.0,381,381.0
16,WEAgent7,FEMALE_OLD,1123,1123.0,0,0.0
16,WFAgent0,OLD,2164,2164.0,0,0.0
17,WEAgent1,FEMALE_YOUNG_LOW_INCOME,1188,1188.0,0,0.0
17,WEAgent2,MALE_OLD_LOW_INCOME,1077,1077.0,0,0.0
17,WEAgent0,MALE_YOUNG_LOW_INCOME,1101,1101.0,1101,1101.0
17,SIAgent9,MALE_YOUNG_HIGH_INCOME,103,103.0,103,103.0
17,WEAgent5,FEMALE,3026,3026.0,3019,3019.0
17,WEAgent6,FEMALE,2017,2017.0,0,0.0
17,SIAgent7,FEMALE_YOUNG_LOW_INCOME,396,396.0,9,0.0
17,WEAgent3,MALE_OLD_HIGH_INCOME,161,161.0,161,161.0
17,SIAgent8,MALE_YOUNG_LOW_INCOME,1101,1101.0,773,0.0
17,WEAgent4,FEMALE_YOUNG,447,447.0,0,0.0
17,SIAgent5,FEMALE_YOUNG_HIGH_INCOME,51,51.0,0,0.0
17,SIAgent6,OLD_LOW_INCOME,2517,2517.0,2008,1668.0
17,SIAgent3,FEMALE_OLD,1123,1123.0,1021,1021.0
17,SIAgent4,FEMALE_OLD_HIGH_INCOME,244,244.0,12,12.0
17,SIAgent1,MALE_HIGH_INCOME,530,530.0,810,296.0
17,SIAgent2,MALE_HIGH_INCOME,265,265.0,265,265.0
17,SIAgent0,MALE_OLD_LOW_INCOME,718,718.0,718,718.0
17,WEAgent7,FEMALE_HIGH_INCOME,132,132.0,0,0.0
17,WFAgent0,MALE_YOUNG_LOW_INCOME,1101,1101.0,0,0.0
18,WEAgent1,MALE_YOUNG_HIGH_INCOME,310,310.0,0,0.0
18,WEAgent2,OLD_HIGH_INCOME,243,243.0,0,0.0
18,WEAgent0,OLD_HIGH_INCOME,729,729.0,0,0.0
18,SIAgent9,MALE_OLD,520,520.0,520,520.0
18,WEAgent5,MALE_OLD,1561,1561.0,0,0.0
18,WEAgent6,MALE_YOUNG,941,941.0,0,0.0
18,SIAgent7,FEMALE_YOUNG,447,447.0,447,447.0
18,WEAgent3,FEMALE_YOUNG_LOW_INCOME,1188,1188.0,0,0.0
18,SIAgent8,MALE_LOW_INCOME,1452,1452.0,398,398.0
18,WEAgent4,YOUNG,2753,2753.0,2659,2596.0
18,SIAgent5,MALE_YOUNG,470,470.0,0,0.0
18,SIAgent6,OLD,3246,3246.0,2222,1572.0
18,SIAgent3,MALE_OLD_LOW_INCOME,718,718.0,405,405.0
18,SIAgent4,FEMALE_YOUNG,447,447.0,447,447.0
18,SIAgent1,FEMALE_LOW_INCOME,2628,2628.0,1696,1227.0
18,SIAgent2,FEMALE_OLD_LOW_INCOME,1440,1440.0,805,805.0
18,SIAgent0,MALE_LOW_INCOME,1452,1452.0,401,401.0
18,WEAgent7,MALE_OLD,1041,1041.0,0,0.0
18,WFAgent0,MALE_HIGH_INCOME,795,795.0,0,0.0
19,WEAgent1,FEMALE_YOUNG_LOW_INCOME,1188,1188.0,1188,1188.0
19,WEAgent2,FEMALE_HIGH_INCOME,132,132.0,0,0.0
19,WEAgent0,HIGH_INCOME,1192,1192.0,0,0.0
19,SIAgent9,MALE_YOUNG_HIGH_INCOME,103,103.0,103,103.0
19,WEAgent5,MALE,2973,2973.0,0,0.0
19,WEAgent6,MALE_YOUNG_LOW_INCOME,1101,1101.0,0,0.0
19,SIAgent7,MALE_YOUNG_HIGH_INCOME,206,206.0,69,69.0
19,WEAgent3,MALE_HIGH_INCOME,795,795.0,0,0.0
19,SIAgent8,MALE,1982,1982.0,1982,1982.0
19,WEAgent4,MALE_HIGH_INCOME,265,265.0,0,0.0
19,SIAgent5,MALE_YOUNG_HIGH_INCOME,310,310.0,94,94.0
19,SIAgent6,FEMALE_OLD_LOW_INCOME,480,480.0,480,480.0
19,SIAgent3,FEMALE_OLD_HIGH_INCOME,81,81.0,81,81.0
19,SIAgent4,OLD,3246,3246.0,3502,1765.0
19,SIAgent1,MALE_YOUNG,941,941.0,743,743.0
19,SIAgent2,FEMALE_YOUNG_LOW_INCOME,396,396.0,396,396.0
19,SIAgent0,YOUNG,2753,2753.0,1362,1101.0
19,WEAgent7,YOUNG,917,917.0,0,0.0
19,WFAgent0,OLD_LOW_INCOME,2517,2517.0,0,0.0
20,WEAgent1,OLD_LOW_INCOME,2517,2517.0,2506,2506.0
20,WEAgent2,MALE_OLD,1041,1041.0,0,0.0
20,WEAgent0,FEMALE_OLD_HIGH_INCOME,81,81.0,0,0.0
20,SIAgent9,FEMALE,2017,2017.0,1094,1094.0
20,WEAgent5,FEMALE_YOUNG,447,447.0,447,447.0
20,WEAgent6,MALE_OLD_LOW_INCOME,1077,1077.0,0,0.0
20,SIAgent7,FEMALE_OLD_HIGH_INCOME,81,81.0,76,76.0
20,WEAgent3,FEMALE_OLD,1684,1684.0,0,0.0
20,SIAgent8,FEMALE_YOUNG_LOW_INCOME,1188,1188.0,358,358.0
20,WEAgent4,FEMALE_OLD,1123,1123.0,0,0.0
20,SIAgent5,YOUNG,917,917.0,917,917.0
20,SIAgent6,MALE_OLD,1041,1041.0,270,270.0
20,SIAgent3,FEMALE,1008,1008.0,1008,1008.0
20,SIAgent4,OLD,2164,2164.0,942,942.0
20,SIAgent1,YOUNG,2753,2753.0,2035,1186.0
20,SIAgent2,MALE_OLD,1041,1041.0,266,266.0
20,SIAgent0,FEMALE_OLD_HIGH_INCOME,81,81.0,81,81.0
20,WEAgent7,MALE,1982,1982.0,0,0.0
20,WFAgent0,MALE_LOW_INCOME,1452,1452.0,0,0.0
21,WEAgent1,FEMALE_HIGH_INCOME,132,132.0,0,0.0
21,WEAgent2,OLD_HIGH_INCOME,243,243.0,0,0.0
21,WEAgent0,OLD_HIGH_INCOME,243,243.0,0,0.0
21,SIAgent9,FEMALE_YOUNG_LOW_INCOME,396,396.0,396,396.0
21,WEAgent5,YOUNG,2753,2753.0,2744,2744.0
21,WEAgent6,MALE,2973,2973.0,2951,2951.0
21,SIAgent7,FEMALE_YOUNG,894,894.0,513,513.0
21,WEAgent3,MALE_OLD_HIGH_INCOME,323,323.0,0,0.0
21,SIAgent8,YOUNG_LOW_INCOME,2289,2289.0,479,479.0
21,WEAgent4,MALE_OLD_LOW_INCOME,718,718.0,0,0.0
21,SIAgent5,OLD_HIGH_INCOME,729,729.0,106,106.0
21,SIAgent6,MALE_HIGH_INCOME,265,265.0,1,1.0
21,SIAgent3,OLD,2164,2164.0,1091,1091.0
21,SIAgent4,YOUNG_HIGH_INCOME,463,463.0,9,9.0
21,SIAgent1,MALE_LOW_INCOME,726,726.0,58,58.0
21,SIAgent2,OLD,2164,2164.0,1085,1085.0
21,SIAgent0,MALE_YOUNG,1411,1411.0,6,6.0
21,WEAgent7,FEMALE_OLD_LOW_INCOME,480,480.0,480,480.0
21,WFAgent0,FEMALE_OLD_HIGH_INCOME,81,81.0,81,81.0
22,WEAgent1,MALE_OLD,1561,1561.0,0,0.0
22,WEAgent2,MALE_YOUNG_HIGH_INCOME,103,103.0,0,0.0
22,WEAgent0,MALE_YOUNG_HIGH_INCOME,206,206.0,0,0.0
22,SIAgent9,MALE,2973,2973.0,1306,1306.0
22,WEAgent5,FEMALE_LOW_INCOME,1752,1752.0,0,0.0
22,WEAgent6,MALE,2973,2973.0,1818,1818.0
22,SIAgent7,FEMALE,2017,2017.0,623,398.0
22,WEAgent3,FEMALE_LOW_INCOME,2628,2628.0,1589,1590.56699999997
22,SIAgent8,OLD_HIGH_INCOME,486,486.0,249,249.0
22,WEAgent4,FEMALE_YOUNG,1341,1341.0,0,0.0
22,SIAgent5,MALE_OLD,1041,1041.0,182,182.0
22,SIAgent6,FEMALE_OLD_LOW_INCOME,1440,1440.0,303,303.0
22,SIAgent3,FEMALE_OLD,561,561.0,366,366.0
22,SIAgent4,MALE,2973,2973.0,1273,1273.0
22,SIAgent1,FEMALE_OLD_LOW_INCOME,960,960.0,296,296.0
22,SIAgent2,FEMALE_OLD_HIGH_INCOME,244,244.0,73,73.0
22,SIAgent0,OLD_HIGH_INCOME,243,243.0,240,240.0
22,WEAgent7,FEMALE_LOW_INCOME,2628,2628.0,1682,1683.6819999999673
22,WFAgent0,FEMALE_OLD,1123,1123.0,0,0.0
23,WEAgent1,YOUNG_LOW_INCOME,2289,2289.0,1426,1427.4259999999733
23,WEAgent2,FEMALE_YOUNG_HIGH_INCOME,102,102.0,0,0.0
23,WEAgent0,OLD_LOW_INCOME,1678,1678.0,1678,1678.0
23,SIAgent9,YOUNG,1835,1835.0,16,16.0
23,WEAgent5,MALE_YOUNG,470,470.0,470,470.0
23,WEAgent6,FEMALE,2017,2017.0,1686,1686.4689999999923
23,SIAgent7,FEMALE_LOW_INCOME,876,876.0,315,315.0
23,WEAgent3,YOUNG_LOW_INCOME,2289,2289.0,1398,1399.397999999974
23,SIAgent8,FEMALE_YOUNG,447,447.0,0,0.0
23,WEAgent4,MALE_OLD,1041,1041.0,0,0.0
23,SIAgent5,HIGH_INCOME,795,795.0,416,416.0
23,SIAgent6,FEMALE_LOW_INCOME,1752,1752.0,335,335.0
23,SIAgent3,FEMALE_OLD,1123,1123.0,347,347.0
23,SIAgent4,MALE_OLD,1561,1561.0,1327,376.0
23,SIAgent1,FEMALE_OLD_LOW_INCOME,960,960.0,276,276.0
23,SIAgent2,FEMALE_LOW_INCOME,876,876.0,310,310.0
23,SIAgent0,FEMALE_OLD_HIGH_INCOME,81,81.0,0,0.0
23,WEAgent7,YOUNG_HIGH_INCOME,309,309.0,0,0.0
23,WFAgent0,OLD_LOW_INCOME,1678,1678.0,0,0.0
24,WEAgent1,HIGH_INCOME,1192,1192.0,0,0.0
24,WEAgent2,MALE,1982,1982.0,1972,1972.0
24,WEAgent0,MALE_OLD_HIGH_INCOME,323,323.0,0,0.0
24,SIAgent9,HIGH_INCOME,795,795.0,236,236.0
24,WEAgent5,FEMALE_OLD_LOW_INCOME,960,960.0,959,959.2240000000007
24,WEAgent6,MALE_YOUNG,470,470.0,0,0.0
24,SIAgent7,MALE_OLD_LOW_INCOME,359,359.0,359,359.0
24,WEAgent3,MALE_YOUNG,941,941.0,0,0.0
24,SIAgent8,MALE_YOUNG_HIGH_INCOME,310,310.0,0,0.0
24,WEAgent4,MALE_YOUNG_LOW_INCOME,1101,1101.0,1078,716.71599999999
24,SIAgent5,MALE_YOUNG_HIGH_INCOME,310,310.0,0,0.0
24,SIAgent6,MALE_OLD,1561,1561.0,404,404.0
24,SIAgent3,FEMALE_YOUNG_HIGH_INCOME,51,51.0,51,51.0
24,SIAgent4,HIGH_INCOME,1192,1192.0,200,200.0
24,SIAgent1,MALE_OLD_HIGH_INCOME,323,323.0,17,17.0
24,SIAgent2,OLD_LOW_INCOME,1678,1678.0,965,965.0
24,SIAgent0,FEMALE,2017,2017.0,2151,776.0
24,WEAgent7,FEMALE_LOW_INCOME,876,876.0,875,875.2489999999967
24,WFAgent0,MALE_YOUNG_LOW_INCOME,734,734.0,733,733.7329999999896
25,WEAgent1,FEMALE,3026,3026.0,3017,3017.002
25,WEAgent2,FEMALE_LOW_INCOME,2628,2628.0,0,0.0
25,WEAgent0,FEMALE_HIGH_INCOME,132,132.0,0,0.0
25,SIAgent9,FEMALE_OLD_LOW_INCOME,1440,1440.0,684,684.0
25,WEAgent5,LOW_INCOME,1602,1602.0,1601,1601.001
25,WEAgent6,MALE_OLD_HIGH_INCOME,484,484.0,0,0.0
25,SIAgent7,FEMALE,2017,2017.0,680,680.0
25,WEAgent3,YOUNG_LOW_INCOME,763,763.0,0,0.0
25,SIAgent8,FEMALE_OLD,1123,1123.0,678,678.0
25,WEAgent4,YOUNG_LOW_INCOME,763,763.0,0,0.0
25,SIAgent5,MALE_HIGH_INCOME,530,530.0,332,332.0
25,SIAgent6,MALE_LOW_INCOME,1452,1452.0,1029,1029.0
25,SIAgent3,MALE_LOW_INCOME,1452,1452.0,1031,1031.0
25,SIAgent4,OLD_HIGH_INCOME,243,243.0,84,84.0
25,SIAgent1,FEMALE_YOUNG_LOW_INCOME,396,396.0,7,7.0
25,SIAgent2,FEMALE_YOUNG,894,894.0,3,3.0
25,SIAgent0,MALE_HIGH_INCOME,795,795.0,324,324.0
25,WEAgent7,MALE_HIGH_INCOME,530,530.0,530,530.0
25,WFAgent0,YOUNG_LOW_INCOME,1526,1526.0,0,0.0
26,WEAgent1,OLD,1082,1082.0,0,0.0
26,WEAgent2,OLD,1082,1082.0,0,0.0
26,WEAgent0,MALE,991,991.0,2439,0.0
26,SIAgent9,OLD_LOW_INCOME,839,839.0,839,839.0
26,WEAgent5,MALE_OLD,1561,1561.0,0,0.0
26,WEAgent6,YOUNG_HIGH_INCOME,309,309.0,0,0.0
26,SIAgent7,FEMALE_YOUNG_LOW_INCOME,792,792.0,488,488.0
26,WEAgent3,MALE_OLD,1041,1041.0,0,0.0
26,SIAgent8,FEMALE_OLD_LOW_INCOME,1440,1440.0,436,436.0
26,WEAgent4,OLD,1082,1082.0,0,0.0
26,SIAgent5,FEMALE_LOW_INCOME,2628,2628.0,928,928.0
26,SIAgent6,OLD,3246,3246.0,1791,1439.0
26,SIAgent3,FEMALE_HIGH_INCOME,132,132.0,396,131.0
26,SIAgent4,OLD_HIGH_INCOME,729,729.0,445,445.0
26,SIAgent1,FEMALE_LOW_INCOME,876,876.0,876,876.0
26,SIAgent2,MALE_OLD,520,520.0,520,520.0
26,SIAgent0,FEMALE_LOW_INCOME,1752,1752.0,842,842.0
26,WEAgent7,FEMALE_HIGH_INCOME,265,265.0,0,0.0
26,WFAgent0,FEMALE,2017,2017.0,0,0.0
27,WEAgent1,OLD_HIGH_INCOME,729,729.0,0,0.0
27,WEAgent2,FEMALE_LOW_INCOME,876,876.0,0,0.0
27,WEAgent0,YOUNG_LOW_INCOME,1526,1526.0,1526,1526.0
27,SIAgent9,FEMALE_LOW_INCOME,876,876.0,876,876.0
27,WEAgent5,MALE_OLD_HIGH_INCOME,161,161.0,0,0.0
27,WEAgent6,FEMALE_OLD_LOW_INCOME,1440,1440.0,0,0.0
27,SIAgent7,MALE_YOUNG_LOW_INCOME,367,367.0,134,134.0
27,WEAgent3,MALE_YOUNG_HIGH_INCOME,310,310.0,310,310.0
27,SIAgent8,OLD,1082,1082.0,1192,1082.0
27,WEAgent4,FEMALE_YOUNG_HIGH_INCOME,51,51.0,51,51.0
27,SIAgent5,FEMALE_LOW_INCOME,2628,2628.0,1209,1209.0
27,SIAgent6,FEMALE_YOUNG_LOW_INCOME,792,792.0,535,535.0
27,SIAgent3,MALE_YOUNG,941,941.0,437,162.0
27,SIAgent4,FEMALE_YOUNG,1341,1341.0,709,583.0
27,SIAgent1,OLD_LOW_INCOME,2517,2517.0,1249,837.0
27,SIAgent2,MALE_OLD_HIGH_INCOME,484,484.0,509,330.0
27,SIAgent0,FEMALE_HIGH_INCOME,132,132.0,132,132.0
27,WEAgent7,OLD_HIGH_INCOME,243,243.0,0,0.0
27,WFAgent0,MALE_OLD,1041,1041.0,1041,1041.0
28,WEAgent1,FEMALE_HIGH_INCOME,265,265.0,0,0.0
28,WEAgent2,OLD_LOW_INCOME,2517,2517.0,0,0.0
28,WEAgent0,MALE_OLD,520,520.0,0,0.0
28,SIAgent9,YOUNG_HIGH_INCOME,309,309.0,260,260.0
28,WEAgent5,MALE_OLD_LOW_INCOME,718,718.0,0,0.0
28,WEAgent6,FEMALE_LOW_INCOME,876,876.0,875,875.3689999999939
28,SIAgent7,MALE_YOUNG_HIGH_INCOME,206,206.0,168,168.0
28,WEAgent3,FEMALE_HIGH_INCOME,265,265.0,0,0.0
28,SIAgent8,OLD,1082,1082.0,1006,1006.0
28,WEAgent4,MALE_YOUNG_LOW_INCOME,367,367.0,0,0.0
28,SIAgent5,MALE_LOW_INCOME,726,726.0,726,726.0
28,SIAgent6,MALE_YOUNG,470,470.0,470,470.0
28,SIAgent3,OLD,1082,1082.0,1073,1073.0
28,SIAgent4,LOW_INCOME,3204,3204.0,2253,1679.0
28,SIAgent1,MALE_YOUNG_HIGH_INCOME,103,103.0,103,103.0
28,SIAgent2,FEMALE_HIGH_INCOME,265,265.0,202,202.0
28,SIAgent0,FEMALE_YOUNG,894,894.0,821,821.0
28,WEAgent7,MALE_YOUNG,1411,1411.0,0,0.0
28,WFAgent0,OLD,2164,2164.0,2043,2043.3639999999982
29,WEAgent1,FEMALE_OLD,1123,1123.0,1123,1123.0
29,WEAgent2,MALE_LOW_INCOME,1452,1452.0,1451,1451.5659999999934
29,WEAgent0,MALE_HIGH_INCOME,795,795.0,0,0.0
29,SIAgent9,FEMALE,2017,2017.0,1935,1081.0
29,WEAgent5,MALE_YOUNG,941,941.0,940,940.4499999999935
29,WEAgent6,FEMALE_YOUNG_LOW_INCOME,792,792.0,0,0.0
29,SIAgent7,MALE_LOW_INCOME,1452,1452.0,20,20.0
29,WEAgent3,LOW_INCOME,1602,1602.0,1599,1599.7499999999839
29,SIAgent8,MALE_YOUNG,470,470.0,43,43.0
29,WEAgent4,OLD_HIGH_INCOME,486,486.0,0,0.0
29,SIAgent5,YOUNG_HIGH_INCOME,309,309.0,80,80.0
29,SIAgent6,FEMALE_YOUNG_LOW_INCOME,396,396.0,396,396.0
29,SIAgent3,MALE_OLD_LOW_INCOME,359,359.0,0,0.0
29,SIAgent4,HIGH_INCOME,795,795.0,198,198.0
29,SIAgent1,MALE_OLD_HIGH_INCOME,323,323.0,0,0.0
29,SIAgent2,FEMALE_HIGH_INCOME,132,132.0,132,132.0
29,SIAgent0,FEMALE_OLD,561,561.0,561,561.0
29,WEAgent7,MALE_OLD,1561,1561.0,1522,1522.752999999986
29,WFAgent0,FEMALE_OLD_HIGH_INCOME,81,81.0,0,0.0
30,WEAgent1,YOUNG_LOW_INCOME,2289,2289.0,0,0.0
30,WEAgent2,MALE_YOUNG_LOW_INCOME,734,734.0,0,0.0
30,WEAgent0,OLD_LOW_INCOME,1678,1678.0,1677,1677.333999999994
30,SIAgent9,MALE_OLD_HIGH_INCOME,323,323.0,103,103.0
30,WEAgent5,MALE_YOUNG_LOW_INCOME,1101,1101.0,0,0.0
30,WEAgent6,MALE_HIGH_INCOME,530,530.0,530,530.0
30,SIAgent7,MALE_OLD_LOW_INCOME,359,359.0,416,0.0
30,WEAgent3,FEMALE,3026,3026.0,3025,3025.3829999999925
30,SIAgent8,FEMALE_OLD,561,561.0,7,7.0
30,WEAgent4,FEMALE_OLD,1684,1684.0,1642,1642.373999999998
30,SIAgent5,MALE_YOUNG_HIGH_INCOME,103,103.0,103,103.0
30,SIAgent6,YOUNG_LOW_INCOME,763,763.0,763,763.0
30,SIAgent3,FEMALE_YOUNG,894,894.0,8,3.0
30,SIAgent4,HIGH_INCOME,795,795.0,336,336.0
30,SIAgent1,MALE_YOUNG,1411,1411.0,1299,938.0
30,SIAgent2,FEMALE_OLD,1123,1123.0,7,7.0
30,SIAgent0,MALE_OLD_HIGH_INCOME,323,323.0,84,84.0
30,WEAgent7,FEMALE_OLD,1123,1123.0,0,0.0
30,WFAgent0,YOUNG_LOW_INCOME,1526,1526.0,0,0.0
31,WEAgent1,MALE_YOUNG_LOW_INCOME,1101,1101.0,0,0.0
31,WEAgent2,FEMALE_YOUNG_HIGH_INCOME,153,153.0,0,0.0
31,WEAgent0,MALE_OLD,1041,1041.0,0,0.0
31,SIAgent9,MALE_OLD,1041,1041.0,764,764.0
31,WEAgent5,FEMALE,3026,3026.0,2810,2810.190000000019
31,WEAgent6,YOUNG_HIGH_INCOME,463,463.0,0,0.0
31,SIAgent7,FEMALE,1008,1008.0,492,492.0
31,WEAgent3,OLD_LOW_INCOME,1678,1678.0,0,0.0
31,SIAgent8,YOUNG,2753,2753.0,793,793.0
31,WEAgent4,MALE_YOUNG,941,941.0,0,0.0
31,SIAgent5,HIGH_INCOME,795,795.0,311,311.0
31,SIAgent6,LOW_INCOME,4807,4807.0,1492,1492.0
31,SIAgent3,YOUNG_LOW_INCOME,1526,1526.0,638,638.0
31,SIAgent4,FEMALE_YOUNG,447,447.0,205,205.0
31,SIAgent1,MALE,2973,2973.0,1402,1402.0
31,SIAgent2,HIGH_INCOME,795,795.0,310,310.0
31,SIAgent0,FEMALE_LOW_INCOME,2628,2628.0,465,465.0
31,WEAgent7,FEMALE_OLD_HIGH_INCOME,81,81.0,0,0.0
31,WFAgent0,OLD_HIGH_INCOME,486,486.0,318,318.2169999999992
32,WEAgent1,FEMALE_OLD,1123,1123.0,0,0.0
32,WEAgent2,MALE_OLD,1561,1561.0,0,0.0
32,WEAgent0,YOUNG_HIGH_INCOME,154,154.0,153,153.1220000000002
32,SIAgent9,YOUNG_HIGH_INCOME,309,309.0,116,116.0
32,WEAgent5,FEMALE_OLD_HIGH_INCOME,244,244.0,0,0.0
32,WEAgent6,FEMALE_YOUNG_HIGH_INCOME,102,102.0,101,101.10100000000011
32,SIAgent7,MALE_YOUNG_LOW_INCOME,1101,1101.0,1900,0.0
32,WEAgent3,MALE_HIGH_INCOME,530,530.0,530,530.0
32,SIAgent8,MALE_OLD,1041,1041.0,519,519.0
32,WEAgent4,FEMALE_OLD_LOW_INCOME,480,480.0,0,0.0
32,SIAgent5,MALE_HIGH_INCOME,795,795.0,167,167.0
32,SIAgent6,OLD_LOW_INCOME,2517,2517.0,1698,1698.0
32,SIAgent3,FEMALE_OLD,1684,1684.0,1370,1370.0
32,SIAgent4,MALE_OLD,1041,1041.0,467,467.0
32,SIAgent1,HIGH_INCOME,397,397.0,367,367.0
32,SIAgent2,MALE_OLD,1041,1041.0,487,487.0
32,SIAgent0,YOUNG_HIGH_INCOME,154,154.0,121,121.0
32,WEAgent7,FEMALE_YOUNG_LOW_INCOME,792,792.0,1936,0.0
32,WFAgent0,MALE_HIGH_INCOME,265,265.0,68,68.0
33,WEAgent1,FEMALE_OLD,1123,1123.0,0,0.0
33,WEAgent2,MALE_HIGH_INCOME,265,265.0,0,0.0
33,WEAgent0,FEMALE_OLD,1684,1684.0,1683,1683.5409999999943
33,SIAgent9,OLD_LOW_INCOME,1678,1678.0,430,430.0
33,WEAgent5,MALE_YOUNG_LOW_INCOME,734,734.0,0,0.0
33,WEAgent6,MALE_OLD,1041,1041.0,0,0.0
33,SIAgent7,MALE_OLD_HIGH_INCOME,323,323.0,208,208.0
33,WEAgent3,FEMALE_OLD_HIGH_INCOME,81,81.0,0,0.0
33,SIAgent8,YOUNG_HIGH_INCOME,154,154.0,154,154.0
33,WEAgent4,YOUNG,917,917.0,917,917.0
33,SIAgent5,MALE,991,991.0,991,991.0
33,SIAgent6,FEMALE_OLD_HIGH_INCOME,81,81.0,81,81.0
33,SIAgent3,MALE_YOUNG_LOW_INCOME,734,734.0,444,444.0
33,SIAgent4,MALE_LOW_INCOME,1452,1452.0,746,746.0
33,SIAgent1,OLD,2164,2164.0,819,819.0
33,SIAgent2,HIGH_INCOME,1192,1192.0,567,505.0
33,SIAgent0,MALE_OLD_LOW_INCOME,718,718.0,379,379.0
33,WEAgent7,FEMALE_OLD,561,561.0,560,560.5599999999937
33,WFAgent0,FEMALE_HIGH_INCOME,132,132.0,0,0.0
34,WEAgent1,OLD_LOW_INCOME,839,839.0,839,839.0
34,WEAgent2,FEMALE_OLD_HIGH_INCOME,81,81.0,81,81.0
34,WEAgent0,YOUNG_LOW_INCOME,2289,2289.0,0,0.0
34,SIAgent9,MALE_LOW_INCOME,726,726.0,68,68.0
34,WEAgent5,MALE_OLD_HIGH_INCOME,484,484.0,484,484.0
34,WEAgent6,LOW_INCOME,3204,3204.0,3204,3204.0
34,SIAgent7,YOUNG,2753,2753.0,707,707.0
34,WEAgent3,YOUNG_HIGH_INCOME,154,154.0,0,0.0
34,SIAgent8,FEMALE_OLD_HIGH_INCOME,244,244.0,363,0.0
34,WEAgent4,MALE_OLD,1041,1041.0,0,0.0
34,SIAgent5,LOW_INCOME,1602,1602.0,1252,1252.0
34,SIAgent6,OLD_LOW_INCOME,2517,2517.0,764,764.0
34,SIAgent3,FEMALE_YOUNG,894,894.0,459,459.0
34,SIAgent4,FEMALE_YOUNG,1341,1341.0,439,439.0
34,SIAgent1,MALE_YOUNG_LOW_INCOME,367,367.0,74,74.0
34,SIAgent2,YOUNG_LOW_INCOME,1526,1526.0,476,476.0
34,SIAgent0,MALE,991,991.0,583,248.0
34,WEAgent7,MALE_YOUNG_LOW_INCOME,1101,1101.0,0,0.0
34,WFAgent0,YOUNG_HIGH_INCOME,309,309.0,207,207.0
35,WEAgent1,FEMALE_YOUNG_LOW_INCOME,1188,1188.0,0,0.0
35,WEAgent2,OLD,1082,1082.0,0,0.0
35,WEAgent0,HIGH_INCOME,1192,1192.0,0,0.0
35,SIAgent9,OLD,3246,3246.0,589,589.0
35,WEAgent5,OLD,3246,3246.0,3162,3162.0
35,WEAgent6,FEMALE_LOW_INCOME,1752,1752.0,1764,248.24800000000081
35,SIAgent7,OLD_HIGH_INCOME,486,486.0,0,0.0
35,WEAgent3,OLD_LOW_INCOME,1678,1678.0,0,0.0
35,SIAgent8,MALE_OLD_LOW_INCOME,1077,1077.0,0,0.0
35,WEAgent4,MALE_YOUNG,941,941.0,968,424.42399999999685
35,SIAgent5,FEMALE_OLD,1684,1684.0,509,509.0
35,SIAgent6,OLD_LOW_INCOME,2517,2517.0,573,573.0
35,SIAgent3,FEMALE_OLD_LOW_INCOME,1440,1440.0,565,565.0
35,SIAgent4,MALE_OLD,520,520.0,0,0.0
35,SIAgent1,MALE_OLD_LOW_INCOME,359,359.0,0,0.0
35,SIAgent2,MALE_YOUNG_LOW_INCOME,734,734.0,859,0.0
35,SIAgent0,OLD_HIGH_INCOME,729,729.0,0,0.0
35,WEAgent7,YOUNG_LOW_INCOME,763,763.0,762,762.631999999992
35,WFAgent0,MALE_HIGH_INCOME,795,795.0,0,0.0
36,WEAgent1,OLD,3246,3246.0,3228,3228.234999999996
36,WEAgent2,FEMALE_HIGH_INCOME,132,132.0,0,0.0
36,WEAgent0,FEMALE_OLD,1123,1123.0,0,0.0
36,SIAgent9,FEMALE_LOW_INCOME,1752,1752.0,634,634.0
36,WEAgent5,FEMALE,2017,2017.0,2017,2017.0
36,WEAgent6,FEMALE_OLD,561,561.0,560,560.2350000000008
36,SIAgent7,FEMALE_YOUNG_HIGH_INCOME,153,153.0,7,7.0
36,WEAgent3,FEMALE_OLD_HIGH_INCOME,162,162.0,0,0.0
36,SIAgent8,FEMALE_YOUNG,1341,1341.0,119,119.0
36,WEAgent4,FEMALE_OLD_LOW_INCOME,1440,1440.0,0,0.0
36,SIAgent5,FEMALE_HIGH_INCOME,397,397.0,9,9.0
36,SIAgent6,OLD_HIGH_INCOME,729,729.0,11,11.0
36,SIAgent3,FEMALE_OLD,1684,1684.0,539,539.0
36,SIAgent4,FEMALE_OLD_HIGH_INCOME,162,162.0,6,6.0
36,SIAgent1,MALE_OLD,1041,1041.0,0,0.0
36,SIAgent2,OLD_LOW_INCOME,839,839.0,536,536.0
36,SIAgent0,MALE_OLD_LOW_INCOME,1077,1077.0,0,0.0
36,WEAgent7,MALE_OLD_HIGH_INCOME,161,161.0,0,0.0
36,WFAgent0,OLD_HIGH_INCOME,486,486.0,0,0.0
37,WEAgent1,LOW_INCOME,3204,3204.0,3183,1410.0
37,WEAgent2,MALE_YOUNG_HIGH_INCOME,206,206.0,0,0.0
37,WEAgent0,FEMALE_YOUNG,894,894.0,1956,562.3129999999982
37,SIAgent9,MALE_YOUNG_LOW_INCOME,367,367.0,168,168.0
37,WEAgent5,OLD,2164,2164.0,2120,2120.9489999999805
37,WEAgent6,FEMALE_LOW_INCOME,1752,1752.0,1734,1735.2589999999773
37,SIAgent7,HIGH_INCOME,1192,1192.0,77,77.0
37,WEAgent3,FEMALE_OLD_HIGH_INCOME,81,81.0,0,0.0
37,SIAgent8,MALE_HIGH_INCOME,530,530.0,69,69.0
37,WEAgent4,MALE_OLD,520,520.0,0,0.0
37,SIAgent5,FEMALE_OLD,1684,1684.0,4,4.0
37,SIAgent6,MALE_YOUNG,470,470.0,236,236.0
37,SIAgent3,FEMALE_OLD,561,561.0,12,12.0
37,SIAgent4,HIGH_INCOME,397,397.0,88,88.0
37,SIAgent1,FEMALE_OLD_LOW_INCOME,480,480.0,0,0.0
37,SIAgent2,OLD_HIGH_INCOME,243,243.0,8,8.0
37,SIAgent0,MALE_YOUNG,470,470.0,191,191.0
37,WEAgent7,FEMALE_OLD,1684,1684.0,0,0.0
37,WFAgent0,YOUNG_HIGH_INCOME,154,154.0,154,154.0
38,WEAgent1,MALE_YOUNG_LOW_INCOME,1101,1101.0,0,0.0
38,WEAgent2,MALE,991,991.0,0,0.0
38,WEAgent0,MALE_YOUNG_HIGH_INCOME,206,206.0,0,0.0
38,SIAgent9,FEMALE_OLD_LOW_INCOME,480,480.0,1016,0.0
38,WEAgent5,OLD_LOW_INCOME,839,839.0,838,838.6719999999871
38,WEAgent6,FEMALE_YOUNG,894,894.0,893,893.6379999999905
38,SIAgent7,MALE_YOUNG,1411,1411.0,455,455.0
38,WEAgent3,MALE_OLD_LOW_INCOME,718,718.0,0,0.0
38,SIAgent8,YOUNG_LOW_INCOME,763,763.0,600,600.0
38,WEAgent4,FEMALE_OLD,1123,1123.0,1122,1122.715999999988
38,SIAgent5,HIGH_INCOME,397,397.0,397,397.0
38,SIAgent6,MALE_YOUNG,1411,1411.0,516,516.0
38,SIAgent3,MALE,2973,2973.0,2596,809.0
38,SIAgent4,FEMALE_YOUNG,447,447.0,214,214.0
38,SIAgent1,MALE_YOUNG_HIGH_INCOME,103,103.0,103,103.0
38,SIAgent2,MALE_YOUNG_LOW_INCOME,734,734.0,347,347.0
38,SIAgent0,FEMALE_HIGH_INCOME,132,132.0,10,0.0
38,WEAgent7,MALE_OLD_HIGH_INCOME,323,323.0,0,0.0
38,WFAgent0,FEMALE_YOUNG,894,894.0,893,893.586999999993
39,WEAgent1,FEMALE_YOUNG,1341,1341.0,0,0.0
39,WEAgent2,MALE_LOW_INCOME,1452,1452.0,0,0.0
39,WEAgent0,MALE_YOUNG,470,470.0,0,0.0
39,SIAgent9,FEMALE_OLD_LOW_INCOME,480,480.0,500,207.0
39,WEAgent5,MALE_LOW_INCOME,1452,1452.0,0,0.0
39,WEAgent6,MALE_HIGH_INCOME,265,265.0,0,0.0
39,SIAgent7,MALE_YOUNG_LOW_INCOME,734,734.0,359,359.0
39,WEAgent3,MALE_OLD,1041,1041.0,0,0.0
39,SIAgent8,MALE_OLD_LOW_INCOME,1077,1077.0,39,39.0
39,WEAgent4,MALE,1982,1982.0,1981,1981.3579999999938
39,SIAgent5,MALE_OLD_HIGH_INCOME,161,161.0,12,12.0
39,SIAgent6,MALE,991,991.0,421,421.0
39,SIAgent3,FEMALE_YOUNG,1341,1341.0,1132,754.1019999999976
39,SIAgent4,FEMALE_YOUNG,447,447.0,447,447.0
39,SIAgent1,MALE_HIGH_INCOME,530,530.0,27,27.0
39,SIAgent2,FEMALE_LOW_INCOME,876,876.0,876,876.0
39,SIAgent0,MALE_OLD_HIGH_INCOME,161,161.0,21,21.0
39,WEAgent7,MALE_LOW_INCOME,2178,2178.0,2177,2177.3829999999934
39,WFAgent0,FEMALE,2017,2017.0,2008,1592.0
40,WEAgent1,MALE_OLD_LOW_INCOME,359,359.0,0,0.0
40,WEAgent2,MALE_YOUNG_HIGH_INCOME,206,206.0,0,0.0
40,WEAgent0,MALE_YOUNG_HIGH_INCOME,206,206.0,0,0.0
40,SIAgent9,FEMALE_OLD,1684,1684.0,923,923.0
40,WEAgent5,YOUNG_HIGH_INCOME,463,463.0,0,0.0
40,WEAgent6,MALE_YOUNG,1411,1411.0,1411,1411.0
40,SIAgent7,FEMALE_OLD_HIGH_INCOME,81,81.0,74,74.0
40,WEAgent3,YOUNG_LOW_INCOME,1526,1526.0,0,0.0
40,SIAgent8,FEMALE_OLD_HIGH_INCOME,244,244.0,83,83.0
40,WEAgent4,FEMALE_OLD_HIGH_INCOME,244,244.0,0,0.0
40,SIAgent5,FEMALE,2017,2017.0,1487,1487.0
40,SIAgent6,FEMALE,3026,3026.0,1438,1438.0
40,SIAgent3,FEMALE_YOUNG,447,447.0,447,447.0
40,SIAgent4,FEMALE_YOUNG,894,894.0,606,606.0
40,SIAgent1,MALE_LOW_INCOME,2178,2178.0,1973,717.0
40,SIAgent2,MALE_OLD_LOW_INCOME,718,718.0,718,718.0
40,SIAgent0,MALE_YOUNG_HIGH_INCOME,103,103.0,23,0.0
40,WEAgent7,YOUNG,2753,2753.0,0,0.0
40,WFAgent0,HIGH_INCOME,397,397.0,817,0.0
41,WEAgent1,OLD,2164,2164.0,2164,2164.0
41,WEAgent2,MALE,2973,2973.0,0,0.0
41,WEAgent0,MALE_OLD_HIGH_INCOME,323,323.0,0,0.0
41,SIAgent9,YOUNG_LOW_INCOME,1526,1526.0,978,978.0
41,WEAgent5,FEMALE_YOUNG_HIGH_INCOME,102,102.0,102,102.0
41,WEAgent6,FEMALE_OLD_HIGH_INCOME,162,162.0,0,0.0
41,SIAgent7,FEMALE_YOUNG,1341,1341.0,371,371.0
41,WEAgent3,MALE_OLD_HIGH_INCOME,161,161.0,0,0.0
41,SIAgent8,FEMALE_HIGH_INCOME,265,265.0,196,196.0
41,WEAgent4,MALE,991,991.0,0,0.0
41,SIAgent5,OLD,3246,3246.0,1859,885.0
41,SIAgent6,MALE_YOUNG,1411,1411.0,1084,750.0
41,SIAgent3,FEMALE_HIGH_INCOME,132,132.0,132,132.0
41,SIAgent4,LOW_INCOME,1602,1602.0,1602,1602.0
41,SIAgent1,MALE_OLD_LOW_INCOME,359,359.0,359,359.0
41,SIAgent2,MALE_YOUNG_HIGH_INCOME,103,103.0,103,103.0
41,SIAgent0,FEMALE_YOUNG_HIGH_INCOME,153,153.0,42,42.0
41,WEAgent7,MALE_YOUNG_LOW_INCOME,367,367.0,0,0.0
41,WFAgent0,FEMALE,1008,1008.0,1008,1008.0
42,WEAgent1,MALE_OLD_LOW_INCOME,359,359.0,358,358.3579999999984
42,WEAgent2,FEMALE_OLD,1684,1684.0,1660,776.7759999999886
42,WEAgent0,FEMALE_YOUNG_HIGH_INCOME,51,51.0,0,0.0
42,SIAgent9,MALE_HIGH_INCOME,530,530.0,287,140.0
42,WEAgent5,FEMALE_OLD,561,561.0,0,0.0
42,WEAgent6,OLD_HIGH_INCOME,243,243.0,0,0.0
42,SIAgent7,FEMALE_OLD_HIGH_INCOME,244,244.0,0,0.0
42,WEAgent3,OLD,2164,2164.0,2111,2111.3749999999936
42,SIAgent8,FEMALE_YOUNG_LOW_INCOME,1188,1188.0,1292,727.0
42,WEAgent4,FEMALE_HIGH_INCOME,397,397.0,0,0.0
42,SIAgent5,MALE_OLD_HIGH_INCOME,161,161.0,0,0.0
42,SIAgent6,FEMALE_HIGH_INCOME,132,132.0,77,77.0
42,SIAgent3,MALE_YOUNG_HIGH_INCOME,103,103.0,103,103.0
42,SIAgent4,FEMALE_YOUNG_HIGH_INCOME,153,153.0,57,57.0
42,SIAgent1,FEMALE_HIGH_INCOME,397,397.0,60,60.0
42,SIAgent2,MALE_OLD_LOW_INCOME,1077,1077.0,194,0.0
42,SIAgent0,YOUNG,917,917.0,2173,917.0
42,WEAgent7,OLD,1082,1082.0,1080,1081.0799999999815
42,WFAgent0,MALE_OLD,1561,1561.0,0,0.0
43,WEAgent1,FEMALE_HIGH_INCOME,397,397.0,0,0.0
43,WEAgent2,FEMALE,2017,2017.0,2003,2003.0
43,WEAgent0,OLD_HIGH_INCOME,729,729.0,729,729.0
43,SIAgent9,LOW_INCOME,3204,3204.0,1900,1900.0
43,WEAgent5,FEMALE_YOUNG_HIGH_INCOME,153,153.0,0,0.0
43,WEAgent6,MALE_YOUNG,941,941.0,941,941.0
43,SIAgent7,YOUNG_HIGH_INCOME,309,309.0,2,2.0
43,WEAgent3,MALE_YOUNG_HIGH_INCOME,310,310.0,0,0.0
43,SIAgent8,MALE_LOW_INCOME,2178,2178.0,913,913.0
43,WEAgent4,FEMALE_OLD_HIGH_INCOME,81,81.0,0,0.0
43,SIAgent5,OLD_HIGH_INCOME,729,729.0,47,37.0
43,SIAgent6,MALE,2973,2973.0,981,981.0
43,SIAgent3,MALE_HIGH_INCOME,530,530.0,57,57.0
43,SIAgent4,YOUNG_LOW_INCOME,763,763.0,556,556.0
43,SIAgent1,FEMALE_YOUNG_HIGH_INCOME,102,102.0,0,0.0
43,SIAgent2,FEMALE_LOW_INCOME,1752,1752.0,995,995.0
43,SIAgent0,FEMALE_LOW_INCOME,876,876.0,876,876.0
43,WEAgent7,FEMALE_YOUNG,894,894.0,0,0.0
43,WFAgent0,FEMALE,2017,2017.0,0,0.0
44,WEAgent1,MALE_OLD_LOW_INCOME,359,359.0,0,0.0
44,WEAgent2,MALE_YOUNG_HIGH_INCOME,206,206.0,206,206.0
44,WEAgent0,MALE_LOW_INCOME,2178,2178.0,0,0.0
44,SIAgent9,YOUNG_LOW_INCOME,1526,1526.0,589,589.0
44,WEAgent5,FEMALE_OLD,561,561.0,560,560.5599999999937
44,WEAgent6,FEMALE,3026,3026.0,2997,2997.4999999999905
44,SIAgent7,FEMALE_OLD_HIGH_INCOME,162,162.0,0,0.0
44,WEAgent3,OLD_HIGH_INCOME,243,243.0,243,243.0
44,SIAgent8,FEMALE_HIGH_INCOME,265,265.0,0,0.0
44,WEAgent4,YOUNG_LOW_INCOME,763,763.0,0,0.0
44,SIAgent5,YOUNG_LOW_INCOME,763,763.0,605,605.0
44,SIAgent6,MALE_YOUNG,1411,1411.0,451,451.0
44,SIAgent3,YOUNG_LOW_INCOME,1526,1526.0,603,603.0
44,SIAgent4,LOW_INCOME,4807,4807.0,1738,1493.0
44,SIAgent1,MALE_YOUNG,1411,1411.0,443,443.0
44,SIAgent2,MALE_YOUNG_HIGH_INCOME,206,206.0,103,103.0
44,SIAgent0,MALE_OLD,1561,1561.0,1462,898.0
44,WEAgent7,FEMALE_OLD_LOW_INCOME,1440,1440.0,0,0.0
44,WFAgent0,MALE_LOW_INCOME,2178,2178.0,0,0.0
45,WEAgent1,MALE_YOUNG_HIGH_INCOME,103,103.0,0,0.0
45,WEAgent2,OLD,1082,1082.0,0,0.0
45,WEAgent0,MALE_YOUNG_HIGH_INCOME,206,206.0,0,0.0
45,SIAgent9,HIGH_INCOME,795,795.0,621,621.0
45,WEAgent5,MALE_OLD,520,520.0,0,0.0
45,WEAgent6,OLD_HIGH_INCOME,243,243.0,0,0.0
45,SIAgent7,OLD,3246,3246.0,1010,1010.0
45,WEAgent3,MALE_LOW_INCOME,2178,2178.0,0,0.0
45,SIAgent8,YOUNG_LOW_INCOME,763,763.0,3745,0.0
45,WEAgent4,OLD,2164,2164.0,2164,2164.0
45,SIAgent5,MALE_YOUNG_HIGH_INCOME,103,103.0,103,103.0
45,SIAgent6,MALE_YOUNG_HIGH_INCOME,310,310.0,155,155.0
45,SIAgent3,YOUNG_HIGH_INCOME,309,309.0,243,243.0
45,SIAgent4,FEMALE_YOUNG_HIGH_INCOME,51,51.0,51,51.0
45,SIAgent1,OLD_LOW_INCOME,1678,1678.0,656,656.0
45,SIAgent2,FEMALE_OLD,561,561.0,168,168.0
45,SIAgent0,OLD,2164,2164.0,1084,1084.0
45,WEAgent7,FEMALE_OLD_LOW_INCOME,480,480.0,0,0.0
45,WFAgent0,MALE_YOUNG_HIGH_INCOME,310,310.0,0,0.0
46,WEAgent1,YOUNG_HIGH_INCOME,463,463.0,0,0.0
46,WEAgent2,MALE,1982,1982.0,0,0.0
46,WEAgent0,MALE_YOUNG_HIGH_INCOME,103,103.0,0,0.0
46,SIAgent9,LOW_INCOME,1602,1602.0,1602,1602.0
46,WEAgent5,FEMALE_YOUNG,447,447.0,0,0.0
46,WEAgent6,MALE,2973,2973.0,0,0.0
46,SIAgent7,FEMALE_YOUNG_HIGH_INCOME,102,102.0,50,50.0
46,WEAgent3,FEMALE_OLD,561,561.0,561,561.0
46,SIAgent8,FEMALE_YOUNG_HIGH_INCOME,153,153.0,61,61.0
46,WEAgent4,YOUNG_LOW_INCOME,1526,1526.0,0,0.0
46,SIAgent5,FEMALE,3026,3026.0,1566,1566.0
46,SIAgent6,MALE_OLD,1561,1561.0,604,604.0
46,SIAgent3,MALE_OLD,1041,1041.0,548,548.0
46,SIAgent4,HIGH_INCOME,1192,1192.0,983,467.0
46,SIAgent1,FEMALE_YOUNG,1341,1341.0,595,595.0
46,SIAgent2,MALE_OLD,1041,1041.0,562,562.0
46,SIAgent0,LOW_INCOME,3204,3204.0,2868,2360.0
46,WEAgent7,MALE_YOUNG_HIGH_INCOME,103,103.0,0,0.0
46,WFAgent0,YOUNG_HIGH_INCOME,154,154.0,0,0.0
47,WEAgent1,HIGH_INCOME,795,795.0,795,795.0
47,WEAgent2,MALE,2973,2973.0,0,0.0
47,WEAgent0,FEMALE_LOW_INCOME,2628,2628.0,2627,2627.8020000000315
47,SIAgent9,FEMALE_YOUNG_HIGH_INCOME,153,153.0,97,97.0
47,WEAgent5,FEMALE_YOUNG_LOW_INCOME,396,396.0,0,0.0
47,WEAgent6,YOUNG,917,917.0,0,0.0
47,SIAgent7,HIGH_INCOME,1192,1192.0,402,402.0
47,WEAgent3,MALE_YOUNG_HIGH_INCOME,310,310.0,0,0.0
47,SIAgent8,MALE_YOUNG_HIGH_INCOME,103,103.0,103,103.0
47,WEAgent4,LOW_INCOME,4807,4807.0,4796,4796.823000000062
47,SIAgent5,LOW_INCOME,4807,4807.0,203,203.0
47,SIAgent6,YOUNG,917,917.0,240,240.0
47,SIAgent3,MALE_YOUNG_LOW_INCOME,734,734.0,0,0.0
47,SIAgent4,FEMALE_OLD,561,561.0,400,400.0
47,SIAgent1,MALE_OLD,520,520.0,0,0.0
47,SIAgent2,MALE,2973,2973.0,134,134.0
47,SIAgent0,LOW_INCOME,4807,4807.0,203,203.0
47,WEAgent7,YOUNG,1835,1835.0,0,0.0
47,WFAgent0,OLD_LOW_INCOME,839,839.0,0,0.0
48,WEAgent1,FEMALE_HIGH_INCOME,397,397.0,0,0.0
48,WEAgent2,MALE,1982,1982.0,1971,1971.6569999999874
48,WEAgent0,FEMALE,1008,1008.0,0,0.0
48,SIAgent9,MALE_HIGH_INCOME,795,795.0,2,2.0
48,WEAgent5,YOUNG_LOW_INCOME,2289,2289.0,0,0.0
48,WEAgent6,MALE_YOUNG,1411,1411.0,0,0.0
48,SIAgent7,MALE_HIGH_INCOME,530,530.0,5,5.0
48,WEAgent3,FEMALE_YOUNG_HIGH_INCOME,102,102.0,0,0.0
48,SIAgent8,OLD_HIGH_INCOME,243,243.0,32,0.0
48,WEAgent4,FEMALE,3026,3026.0,3005,3005.382999999993
48,SIAgent5,MALE_HIGH_INCOME,530,530.0,7,7.0
48,SIAgent6,YOUNG,917,917.0,416,395.0
48,SIAgent3,MALE_OLD_LOW_INCOME,718,718.0,15,0.0
48,SIAgent4,FEMALE_OLD_LOW_INCOME,1440,1440.0,997,450.0
48,SIAgent1,YOUNG_LOW_INCOME,1526,1526.0,397,397.0
48,SIAgent2,MALE_HIGH_INCOME,795,795.0,6,6.0
48,SIAgent0,FEMALE_OLD_LOW_INCOME,480,480.0,480,480.0
48,WEAgent7,OLD_LOW_INCOME,1678,1678.0,1676,1677.0319999999826
48,WFAgent0,MALE,991,991.0,991,991.0
49,WEAgent1,FEMALE_YOUNG,447,447.0,0,0.0
49,WEAgent2,MALE_YOUNG,1411,1411.0,0,0.0
49,WEAgent0,LOW_INCOME,3204,3204.0,3235,1411.8249999999632
49,SIAgent9,YOUNG,2753,2753.0,1313,1313.0
49,WEAgent5,FEMALE_OLD_HIGH_INCOME,244,244.0,0,0.0
49,WEAgent6,FEMALE_YOUNG_HIGH_INCOME,102,102.0,0,0.0
49,SIAgent7,FEMALE_HIGH_INCOME,397,397.0,123,123.0
49,WEAgent3,MALE_HIGH_INCOME,795,795.0,795,795.0
49,SIAgent8,MALE_OLD_HIGH_INCOME,323,323.0,7,7.0
49,WEAgent4,FEMALE,1008,1008.0,1008,1008.0
49,SIAgent5,FEMALE_OLD_HIGH_INCOME,162,162.0,64,64.0
49,SIAgent6,FEMALE_OLD,1684,1684.0,1876,60.0
49,SIAgent3,MALE_OLD_HIGH_INCOME,323,323.0,7,7.0
49,SIAgent4,YOUNG,1835,1835.0,1287,1287.0
49,SIAgent1,FEMALE_OLD_HIGH_INCOME,81,81.0,76,76.0
49,SIAgent2,FEMALE_HIGH_INCOME,397,397.0,99,99.0
49,SIAgent0,FEMALE_HIGH_INCOME,397,397.0,110,110.0
49,WEAgent7,MALE_OLD_HIGH_INCOME,484,484.0,0,0.0
49,WFAgent0,MALE_OLD_LOW_INCOME,718,718.0,0,0.0
50,WEAgent1,FEMALE_YOUNG_HIGH_INCOME,102,102.0,0,0.0
50,WEAgent2,OLD,3246,3246.0,3153,3153.234999999996
50,WEAgent0,YOUNG_HIGH_INCOME,154,154.0,154,154.0
50,SIAgent9,FEMALE,2017,2017.0,694,278.0
50,WEAgent5,FEMALE_YOUNG,1341,1341.0,0,0.0
50,WEAgent6,FEMALE_OLD_HIGH_INCOME,244,244.0,0,0.0
50,SIAgent7,OLD,3246,3246.0,187,187.0
50,WEAgent3,FEMALE_OLD_LOW_INCOME,1440,1440.0,1439,1439.2510000000009
50,SIAgent8,OLD_LOW_INCOME,839,839.0,185,185.0
50,WEAgent4,LOW_INCOME,1602,1602.0,1601,1601.2179999999973
50,SIAgent5,MALE_OLD_LOW_INCOME,1077,1077.0,0,0.0
50,SIAgent6,MALE_YOUNG_HIGH_INCOME,103,103.0,103,103.0
50,SIAgent3,FEMALE_HIGH_INCOME,265,265.0,128,128.0
50,SIAgent4,FEMALE_OLD,1123,1123.0,195,195.0
50,SIAgent1,MALE_YOUNG_HIGH_INCOME,310,310.0,291,90.0
50,SIAgent2,MALE_LOW_INCOME,726,726.0,501,0.0
50,SIAgent0,MALE_OLD_HIGH_INCOME,323,323.0,29,29.0
50,WEAgent7,MALE_OLD,1561,1561.0,0,0.0
50,WFAgent0,FEMALE_YOUNG,1341,1341.0,1340,1340.2120000000007
51,WEAgent1,MALE_YOUNG_HIGH_INCOME,206,206.0,0,0.0
51,WEAgent2,FEMALE,1008,1008.0,1000,1000.0
51,WEAgent0,HIGH_INCOME,397,397.0,397,397.0
51,SIAgent9,MALE_OLD_LOW_INCOME,1077,1077.0,251,251.0
51,WEAgent5,YOUNG_HIGH_INCOME,309,309.0,0,0.0
51,WEAgent6,FEMALE_LOW_INCOME,876,876.0,875,875.3559999999984
51,SIAgent7,FEMALE_OLD_LOW_INCOME,480,480.0,326,326.0
51,WEAgent3,FEMALE_OLD_LOW_INCOME,960,960.0,0,0.0
51,SIAgent8,MALE_OLD_HIGH_INCOME,161,161.0,161,161.0
51,WEAgent4,YOUNG_LOW_INCOME,763,763.0,762,762.3349999999948
51,SIAgent5,OLD_LOW_INCOME,1678,1678.0,596,596.0
51,SIAgent6,FEMALE_OLD,1684,1684.0,533,533.0
51,SIAgent3,MALE_LOW_INCOME,2178,2178.0,1003,1003.0
51,SIAgent4,FEMALE,1008,1008.0,968,968.0
51,SIAgent1,LOW_INCOME,3204,3204.0,1698,1698.0
51,SIAgent2,MALE_HIGH_INCOME,795,795.0,550,334.0
51,SIAgent0,YOUNG_HIGH_INCOME,154,154.0,154,154.0
51,WEAgent7,YOUNG_HIGH_INCOME,309,309.0,0,0.0
51,WFAgent0,MALE_LOW_INCOME,726,726.0,726,726.0
52,WEAgent1,MALE_YOUNG_HIGH_INCOME,103,103.0,103,103.0
52,WEAgent2,FEMALE_YOUNG_LOW_INCOME,1188,1188.0,0,0.0
52,WEAgent0,FEMALE_YOUNG,447,447.0,447,447.0
52,SIAgent9,MALE,991,991.0,634,634.0
52,WEAgent5,OLD,3246,3246.0,1800,1801.7859999999648
52,WEAgent6,OLD,3246,3246.0,1778,1779.777999999965
52,SIAgent7,FEMALE_HIGH_INCOME,397,397.0,86,86.0
52,WEAgent3,MALE_OLD_LOW_INCOME,1077,1077.0,0,0.0
52,SIAgent8,YOUNG_LOW_INCOME,1526,1526.0,1154,1154.0
52,WEAgent4,FEMALE_OLD_LOW_INCOME,960,960.0,0,0.0
52,SIAgent5,LOW_INCOME,3204,3204.0,2178,2178.0
52,SIAgent6,OLD,3246,3246.0,925,925.0
52,SIAgent3,YOUNG_HIGH_INCOME,463,463.0,232,232.0
52,SIAgent4,MALE_HIGH_INCOME,795,795.0,143,143.0
52,SIAgent1,FEMALE_YOUNG_HIGH_INCOME,102,102.0,73,73.0
52,SIAgent2,MALE_OLD_LOW_INCOME,359,359.0,0,0.0
52,SIAgent0,MALE_LOW_INCOME,2178,2178.0,447,447.0
52,WEAgent7,YOUNG,2753,2753.0,0,0.0
52,WFAgent0,OLD_LOW_INCOME,1678,1678.0,0,0.0
53,WEAgent1,YOUNG_LOW_INCOME,763,763.0,763,763.0
53,WEAgent2,MALE_OLD_HIGH_INCOME,161,161.0,160,160.06699999999995
53,WEAgent0,OLD_LOW_INCOME,1678,1678.0,1677,1677.001
53,SIAgent9,OLD_HIGH_INCOME,486,486.0,363,221.0
53,WEAgent5,FEMALE_YOUNG_LOW_INCOME,792,792.0,0,0.0
53,WEAgent6,FEMALE_OLD_HIGH_INCOME,162,162.0,0,0.0
53,SIAgent7,FEMALE_OLD_LOW_INCOME,1440,1440.0,202,202.0
53,WEAgent3,MALE_YOUNG,941,941.0,0,0.0
53,SIAgent8,FEMALE_YOUNG_LOW_INCOME,792,792.0,495,495.0
53,WEAgent4,OLD_HIGH_INCOME,486,486.0,476,476.0780000000002
53,SIAgent5,MALE_LOW_INCOME,1452,1452.0,440,440.0
53,SIAgent6,FEMALE_LOW_INCOME,2628,2628.0,760,760.0
53,SIAgent3,HIGH_INCOME,397,397.0,397,397.0
53,SIAgent4,LOW_INCOME,1602,1602.0,1115,1115.0
53,SIAgent1,YOUNG,1835,1835.0,1072,1072.0
53,SIAgent2,FEMALE_HIGH_INCOME,265,265.0,77,77.0
53,SIAgent0,YOUNG_HIGH_INCOME,463,463.0,252,252.0
53,WEAgent7,FEMALE_LOW_INCOME,1752,1752.0,1751,1751.001
53,WFAgent0,MALE_YOUNG_HIGH_INCOME,206,206.0,0,0.0
54,WEAgent1,MALE_YOUNG_LOW_INCOME,1101,1101.0,0,0.0
54,WEAgent2,OLD,2164,2164.0,2928,1860.6449999999875
54,WEAgent0,HIGH_INCOME,795,795.0,0,0.0
54,SIAgent9,FEMALE_YOUNG,894,894.0,737,737.0
54,WEAgent5,MALE_HIGH_INCOME,530,530.0,0,0.0
54,WEAgent6,MALE_LOW_INCOME,1452,1452.0,0,0.0
54,SIAgent7,MALE_HIGH_INCOME,530,530.0,96,96.0
54,WEAgent3,OLD_HIGH_INCOME,486,486.0,0,0.0
54,SIAgent8,MALE_YOUNG,1411,1411.0,679,679.0
54,WEAgent4,OLD_LOW_INCOME,2517,2517.0,2169,2170.057999999982
54,SIAgent5,FEMALE_YOUNG,1341,1341.0,740,740.0
54,SIAgent6,MALE_OLD_HIGH_INCOME,323,323.0,3,3.0
54,SIAgent3,MALE_OLD_HIGH_INCOME,161,161.0,2,2.0
54,SIAgent4,MALE_YOUNG_HIGH_INCOME,103,103.0,103,103.0
54,SIAgent1,MALE,991,991.0,771,771.0
54,SIAgent2,YOUNG,1835,1835.0,1381,1381.0
54,SIAgent0,OLD_HIGH_INCOME,486,486.0,33,2.0
54,WEAgent7,HIGH_INCOME,397,397.0,0,0.0
54,WFAgent0,MALE_OLD_LOW_INCOME,359,359.0,358,358.3579999999984
55,WEAgent1,FEMALE_LOW_INCOME,2628,2628.0,2626,2627.3909999999833
55,WEAgent2,OLD,1082,1082.0,1066,1066.5769999999898
55,WEAgent0,MALE_OLD,1561,1561.0,0,0.0
55,SIAgent9,FEMALE_YOUNG_HIGH_INCOME,153,153.0,245,0.0
55,WEAgent5,OLD_LOW_INCOME,1678,1678.0,0,0.0
55,WEAgent6,YOUNG,917,917.0,0,0.0
55,SIAgent7,FEMALE_LOW_INCOME,876,876.0,126,126.0
55,WEAgent3,FEMALE_OLD_LOW_INCOME,480,480.0,0,0.0
55,SIAgent8,MALE_OLD_LOW_INCOME,1077,1077.0,473,473.0
55,WEAgent4,MALE_YOUNG_HIGH_INCOME,206,206.0,0,0.0
55,SIAgent5,MALE_YOUNG,470,470.0,962,451.0
55,SIAgent6,FEMALE_LOW_INCOME,2628,2628.0,121,121.0
55,SIAgent3,LOW_INCOME,4807,4807.0,1039,1039.0
55,SIAgent4,MALE_OLD,1041,1041.0,1149,460.0
55,SIAgent1,MALE_YOUNG_LOW_INCOME,367,367.0,367,367.0
55,SIAgent2,FEMALE_OLD_HIGH_INCOME,244,244.0,0,0.0
55,SIAgent0,LOW_INCOME,4807,4807.0,1035,1035.0
55,WEAgent7,FEMALE_YOUNG_LOW_INCOME,396,396.0,0,0.0
55,WFAgent0,FEMALE_YOUNG_LOW_INCOME,792,792.0,791,791.7809999999885
56,WEAgent1,FEMALE_YOUNG_LOW_INCOME,396,396.0,0,0.0
56,WEAgent2,YOUNG_LOW_INCOME,2289,2289.0,0,0.0
56,WEAgent0,MALE_HIGH_INCOME,530,530.0,410,410.4099999999972
56,SIAgent9,OLD_HIGH_INCOME,486,486.0,95,95.0
56,WEAgent5,YOUNG,917,917.0,0,0.0
56,WEAgent6,FEMALE_OLD_HIGH_INCOME,81,81.0,0,0.0
56,SIAgent7,YOUNG_LOW_INCOME,2289,2289.0,725,725.0
56,WEAgent3,FEMALE_YOUNG,894,894.0,0,0.0
56,SIAgent8,FEMALE,3026,3026.0,1729,1729.0
56,WEAgent4,MALE_LOW_INCOME,1452,1452.0,1452,1452.0
56,SIAgent5,MALE_YOUNG,1411,1411.0,600,94.0
56,SIAgent6,MALE_LOW_INCOME,726,726.0,726,726.0
56,SIAgent3,FEMALE,2017,2017.0,1699,1699.0
56,SIAgent4,FEMALE_OLD_HIGH_INCOME,162,162.0,102,102.0
56,SIAgent1,FEMALE_OLD_LOW_INCOME,960,960.0,792,792.0
56,SIAgent2,MALE_LOW_INCOME,2178,2178.0,730,728.0
56,SIAgent0,MALE_OLD,520,520.0,520,520.0
56,WEAgent7,FEMALE_YOUNG_LOW_INCOME,792,792.0,0,0.0
56,WFAgent0,MALE_HIGH_INCOME,795,795.0,420,420.41999999999695
57,WEAgent1,MALE_OLD_HIGH_INCOME,161,161.0,0,0.0
57,WEAgent2,FEMALE_OLD,1123,1123.0,1122,1122.2720000000004
57,WEAgent0,OLD_HIGH_INCOME,729,729.0,0,0.0
57,SIAgent9,YOUNG_HIGH_INCOME,154,154.0,124,124.0
57,WEAgent5,MALE_OLD_LOW_INCOME,1077,1077.0,0,0.0
57,WEAgent6,FEMALE_YOUNG_HIGH_INCOME,102,102.0,0,0.0
57,SIAgent7,MALE_HIGH_INCOME,795,795.0,127,127.0
57,WEAgent3,OLD_LOW_INCOME,2517,2517.0,0,0.0
57,SIAgent8,MALE_HIGH_INCOME,795,795.0,143,143.0
57,WEAgent4,FEMALE_YOUNG,894,894.0,830,830.0499999999993
57,SIAgent5,OLD_LOW_INCOME,839,839.0,334,334.0
57,SIAgent6,OLD,3246,3246.0,367,367.0
57,SIAgent3,FEMALE_YOUNG_LOW_INCOME,1188,1188.0,1354,0.0
57,SIAgent4,OLD_LOW_INCOME,839,839.0,335,335.0
57,SIAgent1,OLD_HIGH_INCOME,486,486.0,9,9.0
57,SIAgent2,MALE,991,991.0,1976,154.0
57,SIAgent0,FEMALE_HIGH_INCOME,265,265.0,13,13.0
57,WEAgent7,OLD,3246,3246.0,3216,3216.2349999999965
57,WFAgent0,FEMALE_YOUNG_HIGH_INCOME,51,51.0,50,50.04999999999997
58,WEAgent1,FEMALE_OLD,561,561.0,560,560.5599999999937
58,WEAgent2,OLD_LOW_INCOME,839,839.0,838,838.5199999999946
58,WEAgent0,MALE_YOUNG_HIGH_INCOME,206,206.0,0,0.0
58,SIAgent9,MALE_YOUNG_LOW_INCOME,1101,1101.0,631,631.0
58,WEAgent5,FEMALE_YOUNG,894,894.0,0,0.0
58,WEAgent6,MALE,2973,2973.0,0,0.0
58,SIAgent7,FEMALE_HIGH_INCOME,132,132.0,132,132.0
58,WEAgent3,HIGH_INCOME,397,397.0,0,0.0
58,SIAgent8,YOUNG_HIGH_INCOME,309,309.0,0,0.0
58,WEAgent4,YOUNG,917,917.0,906,906.0
58,SIAgent5,OLD_LOW_INCOME,2517,2517.0,731,731.0
58,SIAgent6,MALE_YOUNG_LOW_INCOME,1101,1101.0,607,607.0
58,SIAgent3,FEMALE_OLD_LOW_INCOME,480,480.0,257,257.0
58,SIAgent4,MALE_OLD_LOW_INCOME,1077,1077.0,454,454.0
58,SIAgent1,OLD,2164,2164.0,1767,770.8249999999897
58,SIAgent2,LOW_INCOME,4807,4807.0,3117,1315.0
58,SIAgent0,FEMALE_YOUNG_HIGH_INCOME,102,102.0,0,0.0
58,WEAgent7,MALE_HIGH_INCOME,265,265.0,0,0.0
58,WFAgent0,MALE_HIGH_INCOME,265,265.0,0,0.0
59,WEAgent1,FEMALE_HIGH_INCOME,132,132.0,0,0.0
59,WEAgent2,FEMALE_OLD,561,561.0,0,0.0
59,WEAgent0,MALE_YOUNG_LOW_INCOME,367,367.0,0,0.0
59,SIAgent9,MALE_OLD,1041,1041.0,375,375.0
59,WEAgent5,FEMALE_LOW_INCOME,876,876.0,0,0.0
59,WEAgent6,LOW_INCOME,3204,3204.0,2224,2224.9359999999806
59,SIAgent7,FEMALE_LOW_INCOME,1752,1752.0,367,367.0
59,WEAgent3,OLD_HIGH_INCOME,729,729.0,729,729.0
59,SIAgent8,MALE_OLD,1041,1041.0,424,424.0
59,WEAgent4,FEMALE_LOW_INCOME,1752,1752.0,0,0.0
59,SIAgent5,HIGH_INCOME,795,795.0,1001,147.0
59,SIAgent6,MALE_YOUNG_HIGH_INCOME,103,103.0,103,103.0
59,SIAgent3,LOW_INCOME,1602,1602.0,1449,1449.0
59,SIAgent4,LOW_INCOME,4807,4807.0,1427,1427.0
59,SIAgent1,MALE_OLD_LOW_INCOME,718,718.0,369,369.0
59,SIAgent2,MALE_YOUNG_HIGH_INCOME,103,103.0,103,103.0
59,SIAgent0,MALE_YOUNG,470,470.0,470,470.0
59,WEAgent7,FEMALE,3026,3026.0,0,0.0
59,WFAgent0,FEMALE_OLD_LOW_INCOME,960,960.0,959,959.9589999999843
60,WEAgent1,FEMALE_OLD_HIGH_INCOME,244,244.0,0,0.0
60,WEAgent2,FEMALE_LOW_INCOME,1752,1752.0,1692,1692.3669999999981
60,WEAgent0,FEMALE_OLD_LOW_INCOME,960,960.0,0,0.0
60,SIAgent9,MALE_OLD_HIGH_INCOME,323,323.0,548,228.0
60,WEAgent5,FEMALE_LOW_INCOME,2628,2628.0,0,0.0
60,WEAgent6,LOW_INCOME,1602,1602.0,1601,1601.264999999996
60,SIAgent7,MALE_YOUNG_HIGH_INCOME,103,103.0,501,0.0
60,WEAgent3,FEMALE,3026,3026.0,2993,2993.3829999999925
60,SIAgent8,MALE_LOW_INCOME,2178,2178.0,782,782.0
60,WEAgent4,FEMALE_YOUNG_HIGH_INCOME,153,153.0,0,0.0
60,SIAgent5,OLD_LOW_INCOME,839,839.0,608,608.0
60,SIAgent6,OLD_HIGH_INCOME,243,243.0,243,243.0
60,SIAgent3,MALE_LOW_INCOME,1452,1452.0,796,796.0
60,SIAgent4,FEMALE_YOUNG,894,894.0,12,12.0
60,SIAgent1,FEMALE,1008,1008.0,12,12.0
60,SIAgent2,YOUNG_LOW_INCOME,2289,2289.0,212,212.0
60,SIAgent0,FEMALE_HIGH_INCOME,265,265.0,0,0.0
60,WEAgent7,MALE_YOUNG_LOW_INCOME,734,734.0,0,0.0
60,WFAgent0,MALE_LOW_INCOME,1452,1452.0,0,0.0
61,WEAgent1,YOUNG,917,917.0,917,917.0
61,WEAgent2,FEMALE_HIGH_INCOME,265,265.0,0,0.0
61,WEAgent0,MALE_HIGH_INCOME,530,530.0,0,0.0
61,SIAgent9,OLD,1082,1082.0,1018,1018.0
61,WEAgent5,MALE_OLD,520,520.0,0,0.0
61,WEAgent6,MALE_HIGH_INCOME,795,795.0,0,0.0
61,SIAgent7,MALE_OLD_HIGH_INCOME,484,484.0,161,161.0
61,WEAgent3,HIGH_INCOME,795,795.0,0,0.0
61,SIAgent8,LOW_INCOME,4807,4807.0,2218,2218.0
61,WEAgent4,FEMALE,3026,3026.0,0,0.0
61,SIAgent5,YOUNG,1835,1835.0,1570,1570.0
61,SIAgent6,OLD,3246,3246.0,1035,1035.0
61,SIAgent3,OLD,1082,1082.0,1035,1035.0
61,SIAgent4,MALE_OLD_LOW_INCOME,359,359.0,329,329.0
61,SIAgent1,FEMALE,1008,1008.0,1008,1008.0
61,SIAgent2,FEMALE_OLD_LOW_INCOME,1440,1440.0,367,367.0
61,SIAgent0,HIGH_INCOME,795,795.0,342,342.0
61,WEAgent7,YOUNG_LOW_INCOME,1526,1526.0,0,0.0
61,WFAgent0,MALE_YOUNG_LOW_INCOME,1101,1101.0,0,0.0
62,WEAgent1,OLD_LOW_INCOME,2517,2517.0,0,0.0
62,WEAgent2,YOUNG_LOW_INCOME,1526,1526.0,0,0.0
62,WEAgent0,FEMALE_YOUNG,447,447.0,0,0.0
62,SIAgent9,MALE_OLD,1561,1561.0,466,466.0
62,WEAgent5,YOUNG_LOW_INCOME,2289,2289.0,2264,2264.452999999992
62,WEAgent6,MALE_YOUNG_HIGH_INCOME,206,206.0,0,0.0
62,SIAgent7,FEMALE_YOUNG,447,447.0,0,0.0
62,WEAgent3,FEMALE_OLD,561,561.0,560,560.2530000000008
62,SIAgent8,MALE_YOUNG_HIGH_INCOME,206,206.0,140,140.0
62,WEAgent4,FEMALE,2017,2017.0,2001,2001.6819999999902
62,SIAgent5,FEMALE_OLD_HIGH_INCOME,81,81.0,81,81.0
62,SIAgent6,MALE,1982,1982.0,594,594.0
62,SIAgent3,MALE_LOW_INCOME,1452,1452.0,268,268.0
62,SIAgent4,MALE,1982,1982.0,601,601.0
62,SIAgent1,MALE_LOW_INCOME,2178,2178.0,308,308.0
62,SIAgent2,HIGH_INCOME,397,397.0,397,397.0
62,SIAgent0,OLD,1082,1082.0,2320,644.0
62,WEAgent7,MALE_YOUNG_HIGH_INCOME,206,206.0,0,0.0
62,WFAgent0,OLD,3246,3246.0,0,0.0
63,WEAgent1,OLD,2164,2164.0,2150,2150.2200000000007
63,WEAgent2,MALE_HIGH_INCOME,530,530.0,0,0.0
63,WEAgent0,MALE_OLD_LOW_INCOME,718,718.0,0,0.0
63,SIAgent9,YOUNG_HIGH_INCOME,154,154.0,154,154.0
63,WEAgent5,YOUNG,2753,2753.0,0,0.0
63,WEAgent6,FEMALE_OLD_LOW_INCOME,480,480.0,0,0.0
63,SIAgent7,MALE_YOUNG,470,470.0,470,470.0
63,WEAgent3,FEMALE_OLD_HIGH_INCOME,162,162.0,0,0.0
63,SIAgent8,LOW_INCOME,3204,3204.0,1360,1360.0
63,WEAgent4,OLD,3246,3246.0,3191,3191.2349999999965
63,SIAgent5,MALE_OLD_LOW_INCOME,359,359.0,0,0.0
63,SIAgent6,HIGH_INCOME,397,397.0,477,259.0
63,SIAgent3,OLD,2164,2164.0,5,5.0
63,SIAgent4,MALE_LOW_INCOME,726,726.0,407,407.0
63,SIAgent1,MALE_LOW_INCOME,2178,2178.0,373,373.0
63,SIAgent2,YOUNG_LOW_INCOME,2289,2289.0,1413,1413.0
63,SIAgent0,OLD_LOW_INCOME,1678,1678.0,0,0.0
63,WEAgent7,MALE_YOUNG_LOW_INCOME,1101,1101.0,0,0.0
63,WFAgent0,MALE_YOUNG_HIGH_INCOME,310,310.0,0,0.0
64,WEAgent1,MALE_YOUNG_LOW_INCOME,734,734.0,0,0.0
64,WEAgent2,MALE_YOUNG_HIGH_INCOME,103,103.0,0,0.0
64,WEAgent0,FEMALE_YOUNG_LOW_INCOME,1188,1188.0,0,0.0
64,SIAgent9,YOUNG_HIGH_INCOME,463,463.0,0,0.0
64,WEAgent5,MALE,991,991.0,0,0.0
64,WEAgent6,YOUNG_LOW_INCOME,2289,2289.0,0,0.0
64,SIAgent7,MALE_OLD_LOW_INCOME,718,718.0,0,0.0
64,WEAgent3,YOUNG,2753,2753.0,2702,2702.4269999999915
64,SIAgent8,MALE_HIGH_INCOME,530,530.0,313,0.0
64,WEAgent4,MALE_HIGH_INCOME,530,530.0,530,530.0
64,SIAgent5,FEMALE_YOUNG_HIGH_INCOME,102,102.0,0,0.0
64,SIAgent6,FEMALE,1008,1008.0,1008,1008.0
64,SIAgent3,OLD_LOW_INCOME,1678,1678.0,839,839.0
64,SIAgent4,FEMALE_YOUNG,894,894.0,323,111.0
64,SIAgent1,FEMALE_OLD_LOW_INCOME,960,960.0,855,855.0
64,SIAgent2,MALE_YOUNG_HIGH_INCOME,103,103.0,0,0.0
64,SIAgent0,FEMALE_HIGH_INCOME,265,265.0,233,180.0
64,WEAgent7,LOW_INCOME,3204,3204.0,3197,2179.389999999993
64,WFAgent0,MALE_OLD_HIGH_INCOME,323,323.0,0,0.0
65,WEAgent1,MALE_YOUNG,470,470.0,0,0.0
65,WEAgent2,OLD,2164,2164.0,2163,2163.2600000000007
65,WEAgent0,MALE_YOUNG_HIGH_INCOME,103,103.0,0,0.0
65,SIAgent9,FEMALE_OLD,1123,1123.0,43,43.0
65,WEAgent5,OLD,3246,3246.0,3227,3227.234999999996
65,WEAgent6,FEMALE_HIGH_INCOME,265,265.0,0,0.0
65,SIAgent7,MALE_OLD,1561,1561.0,36,0.0
65,WEAgent3,FEMALE_YOUNG,1341,1341.0,1899,0.0
65,SIAgent8,FEMALE_OLD_HIGH_INCOME,244,244.0,7,7.0
65,WEAgent4,OLD_LOW_INCOME,839,839.0,0,0.0
65,SIAgent5,MALE_HIGH_INCOME,265,265.0,0,0.0
65,SIAgent6,FEMALE_YOUNG_HIGH_INCOME,102,102.0,143,85.05800000000028
65,SIAgent3,FEMALE_OLD_HIGH_INCOME,81,81.0,8,8.0
65,SIAgent4,MALE_YOUNG_HIGH_INCOME,103,103.0,0,0.0
65,SIAgent1,FEMALE_YOUNG_HIGH_INCOME,102,102.0,102,102.0
65,SIAgent2,FEMALE_OLD,1684,1684.0,43,43.0
65,SIAgent0,MALE_YOUNG,1411,1411.0,392,0.0
65,WEAgent7,MALE,1982,1982.0,1937,1937.0
65,WFAgent0,OLD_LOW_INCOME,1678,1678.0,0,0.0
66,WEAgent1,MALE_OLD_LOW_INCOME,718,718.0,0,0.0
66,WEAgent2,MALE_YOUNG,1411,1411.0,0,0.0
66,WEAgent0,YOUNG,1835,1835.0,1834,1834.8589999999833
66,SIAgent9,MALE_OLD,520,520.0,520,520.0
66,WEAgent5,OLD_HIGH_INCOME,243,243.0,0,0.0
66,WEAgent6,MALE_YOUNG_HIGH_INCOME,206,206.0,0,0.0
66,SIAgent7,FEMALE_OLD_HIGH_INCOME,244,244.0,124,124.0
66,WEAgent3,FEMALE,1008,1008.0,1007,1007.1559999999986
66,SIAgent8,FEMALE_OLD,561,561.0,514,514.0
66,WEAgent4,OLD_HIGH_INCOME,486,486.0,0,0.0
66,SIAgent5,OLD,1082,1082.0,1082,1082.0
66,SIAgent6,MALE_YOUNG_LOW_INCOME,1101,1101.0,15,0.0
66,SIAgent3,OLD_LOW_INCOME,2517,2517.0,956,885.0709999999983
66,SIAgent4,FEMALE_YOUNG_HIGH_INCOME,153,153.0,9,0.0
66,SIAgent1,MALE_YOUNG_HIGH_INCOME,206,206.0,8,8.0
66,SIAgent2,OLD,1082,1082.0,1082,1082.0
66,SIAgent0,MALE_HIGH_INCOME,795,795.0,244,201.0
66,WEAgent7,YOUNG,917,917.0,1797,169.16900000000044
66,WFAgent0,LOW_INCOME,1602,1602.0,808,808.8079999999878
67,WEAgent1,MALE_OLD,520,520.0,519,519.011
67,WEAgent2,FEMALE_YOUNG_HIGH_INCOME,51,51.0,0,0.0
67,WEAgent0,MALE,1982,1982.0,0,0.0
67,SIAgent9,YOUNG_HIGH_INCOME,463,463.0,0,0.0
67,WEAgent5,YOUNG,1835,1835.0,0,0.0
67,WEAgent6,YOUNG,2753,2753.0,0,0.0
67,SIAgent7,YOUNG,1835,1835.0,1025,1025.0
67,WEAgent3,YOUNG_LOW_INCOME,2289,2289.0,0,0.0
67,SIAgent8,MALE,1982,1982.0,1180,1131.0
67,WEAgent4,MALE_OLD_LOW_INCOME,1077,1077.0,0,0.0
67,SIAgent5,FEMALE_HIGH_INCOME,397,397.0,0,0.0
67,SIAgent6,LOW_INCOME,4807,4807.0,3323,2122.0
67,SIAgent3,MALE,991,991.0,991,991.0
67,SIAgent4,FEMALE_YOUNG_LOW_INCOME,396,396.0,396,396.0
67,SIAgent1,FEMALE_YOUNG_LOW_INCOME,792,792.0,535,535.0
67,SIAgent2,YOUNG_HIGH_INCOME,309,309.0,0,0.0
67,SIAgent0,OLD_LOW_INCOME,839,839.0,839,839.0
67,WEAgent7,HIGH_INCOME,1192,1192.0,957,957.2169999999982
67,WFAgent0,YOUNG_HIGH_INCOME,309,309.0,235,235.23500000000075
68,WEAgent1,YOUNG,2753,2753.0,0,0.0
68,WEAgent2,MALE,991,991.0,975,975.0
68,WEAgent0,FEMALE_YOUNG,1341,1341.0,0,0.0
68,SIAgent9,FEMALE_OLD_LOW_INCOME,1440,1440.0,417,417.0
68,WEAgent5,FEMALE_OLD_LOW_INCOME,960,960.0,0,0.0
68,WEAgent6,OLD_LOW_INCOME,839,839.0,839,839.0
68,SIAgent7,FEMALE,3026,3026.0,1526,1235.0
68,WEAgent3,YOUNG_HIGH_INCOME,463,463.0,0,0.0
68,SIAgent8,MALE_YOUNG,941,941.0,373,373.0
68,WEAgent4,YOUNG,2753,2753.0,0,0.0
68,SIAgent5,MALE_HIGH_INCOME,265,265.0,162,162.0
68,SIAgent6,LOW_INCOME,4807,4807.0,1432,1432.0
68,SIAgent3,MALE_YOUNG_LOW_INCOME,1101,1101.0,390,390.0
68,SIAgent4,MALE,991,991.0,620,620.0
68,SIAgent1,OLD_LOW_INCOME,1678,1678.0,445,445.0
68,SIAgent2,OLD_HIGH_INCOME,243,243.0,243,243.0
68,SIAgent0,YOUNG_LOW_INCOME,2289,2289.0,1017,1017.0
68,WEAgent7,FEMALE_YOUNG,894,894.0,0,0.0
68,WFAgent0,MALE_OLD,1561,1561.0,1561,1561.0
69,WEAgent1,FEMALE_LOW_INCOME,1752,1752.0,1751,1751.8489999999817
69,WEAgent2,MALE_YOUNG_LOW_INCOME,1101,1101.0,0,0.0
69,WEAgent0,FEMALE_YOUNG_HIGH_INCOME,51,51.0,0,0.0
69,SIAgent9,OLD_LOW_INCOME,2517,2517.0,815,815.0
69,WEAgent5,YOUNG,917,917.0,916,916.6609999999896
69,WEAgent6,MALE_YOUNG,1411,1411.0,1703,1171.658999999989
69,SIAgent7,FEMALE_LOW_INCOME,876,876.0,386,386.0
69,WEAgent3,FEMALE_HIGH_INCOME,265,265.0,0,0.0
69,SIAgent8,FEMALE_YOUNG_HIGH_INCOME,51,51.0,7,7.0
69,WEAgent4,YOUNG_HIGH_INCOME,309,309.0,0,0.0
69,SIAgent5,MALE_OLD_LOW_INCOME,718,718.0,377,377.0
69,SIAgent6,FEMALE_LOW_INCOME,876,876.0,438,438.0
69,SIAgent3,MALE_OLD_LOW_INCOME,718,718.0,400,400.0
69,SIAgent4,OLD_HIGH_INCOME,729,729.0,515,515.0
69,SIAgent1,OLD,2164,2164.0,1296,1296.0
69,SIAgent2,YOUNG_HIGH_INCOME,154,154.0,1,1.0
69,SIAgent0,MALE_OLD,520,520.0,520,520.0
69,WEAgent7,FEMALE_LOW_INCOME,876,876.0,875,875.8749999999862
69,WFAgent0,MALE_OLD,520,520.0,0,0.0
70,WEAgent1,HIGH_INCOME,1192,1192.0,0,0.0
70,WEAgent2,FEMALE_HIGH_INCOME,265,265.0,0,0.0
70,WEAgent0,FEMALE_HIGH_INCOME,132,132.0,0,0.0
70,SIAgent9,MALE_YOUNG_HIGH_INCOME,103,103.0,4,4.0
70,WEAgent5,MALE,991,991.0,990,990.162999999998
70,WEAgent6,MALE_OLD,1561,1561.0,1545,1545.1589999999999
70,SIAgent7,MALE_OLD_LOW_INCOME,359,359.0,939,0.0
70,WEAgent3,FEMALE_YOUNG_HIGH_INCOME,153,153.0,0,0.0
70,SIAgent8,FEMALE_YOUNG,1341,1341.0,810,810.0
70,WEAgent4,HIGH_INCOME,397,397.0,0,0.0
70,SIAgent5,FEMALE_YOUNG,894,894.0,770,770.0
70,SIAgent6,FEMALE_OLD,1684,1684.0,1627,1211.0
70,SIAgent3,YOUNG_LOW_INCOME,1526,1526.0,1428,1428.0
70,SIAgent4,MALE_YOUNG_LOW_INCOME,1101,1101.0,763,763.0
70,SIAgent1,MALE_HIGH_INCOME,530,530.0,14,14.0
70,SIAgent2,FEMALE_OLD_LOW_INCOME,1440,1440.0,1110,1110.0
70,SIAgent0,MALE_OLD_HIGH_INCOME,323,323.0,0,0.0
70,WEAgent7,MALE_YOUNG_LOW_INCOME,367,367.0,0,0.0
70,WFAgent0,MALE_OLD_HIGH_INCOME,484,484.0,0,0.0
71,WEAgent1,YOUNG_LOW_INCOME,1526,1526.0,0,0.0
71,WEAgent2,MALE_OLD,1561,1561.0,0,0.0
71,WEAgent0,FEMALE_YOUNG_HIGH_INCOME,153,153.0,0,0.0
71,SIAgent9,FEMALE_OLD_HIGH_INCOME,244,244.0,11,11.0
71,WEAgent5,OLD,2164,2164.0,2164,2164.0
71,WEAgent6,MALE_YOUNG,1411,1411.0,0,0.0
71,SIAgent7,MALE_OLD_LOW_INCOME,718,718.0,251,251.0
71,WEAgent3,OLD_HIGH_INCOME,729,729.0,0,0.0
71,SIAgent8,FEMALE_HIGH_INCOME,265,265.0,233,1.0
71,WEAgent4,OLD_HIGH_INCOME,729,729.0,0,0.0
71,SIAgent5,MALE_YOUNG,1411,1411.0,1159,429.5109999999951
71,SIAgent6,LOW_INCOME,1602,1602.0,1759,1602.0
71,SIAgent3,FEMALE_OLD_HIGH_INCOME,244,244.0,7,7.0
71,SIAgent4,LOW_INCOME,1602,1602.0,1602,1602.0
71,SIAgent1,YOUNG_LOW_INCOME,763,763.0,763,763.0
71,SIAgent2,FEMALE_YOUNG_LOW_INCOME,1188,1188.0,624,409.0
71,SIAgent0,MALE_OLD,520,520.0,290,271.0
71,WEAgent7,FEMALE_LOW_INCOME,876,876.0,876,876.0
71,WFAgent0,YOUNG_HIGH_INCOME,154,154.0,0,0.0
72,WEAgent1,MALE_LOW_INCOME,1452,1452.0,0,0.0
72,WEAgent2,MALE_YOUNG_HIGH_INCOME,310,310.0,310,310.0
72,WEAgent0,FEMALE_OLD_HIGH_INCOME,81,81.0,81,81.0
72,SIAgent9,MALE_OLD,1041,1041.0,622,622.0
72,WEAgent5,OLD_LOW_INCOME,2517,2517.0,0,0.0
72,WEAgent6,FEMALE_YOUNG,447,447.0,0,0.0
72,SIAgent7,OLD_LOW_INCOME,2517,2517.0,928,928.0
72,WEAgent3,YOUNG,2753,2753.0,0,0.0
72,SIAgent8,FEMALE_YOUNG_HIGH_INCOME,153,153.0,132,132.0
72,WEAgent4,MALE_OLD,520,520.0,520,520.0
72,SIAgent5,FEMALE_OLD,1684,1684.0,780,447.0
72,SIAgent6,MALE_OLD_HIGH_INCOME,323,323.0,152,152.0
72,SIAgent3,FEMALE_LOW_INCOME,2628,2628.0,1002,1002.0
72,SIAgent4,MALE_LOW_INCOME,1452,1452.0,1057,1057.0
72,SIAgent1,FEMALE_LOW_INCOME,1752,1752.0,1003,1003.0
72,SIAgent2,LOW_INCOME,4807,4807.0,2009,2009.0
72,SIAgent0,YOUNG,2753,2753.0,1404,1172.0
72,WEAgent7,OLD_LOW_INCOME,1678,1678.0,0,0.0
72,WFAgent0,MALE_YOUNG_LOW_INCOME,734,734.0,0,0.0
73,WEAgent1,OLD,2164,2164.0,0,0.0
73,WEAgent2,FEMALE_LOW_INCOME,1752,1752.0,0,0.0
73,WEAgent0,MALE_YOUNG_LOW_INCOME,1101,1101.0,0,0.0
73,SIAgent9,YOUNG,2753,2753.0,792,792.0
73,WEAgent5,MALE_YOUNG_HIGH_INCOME,103,103.0,103,103.0
73,WEAgent6,FEMALE_LOW_INCOME,2628,2628.0,0,0.0
73,SIAgent7,LOW_INCOME,4807,4807.0,1169,1169.0
73,WEAgent3,MALE_OLD,1041,1041.0,0,0.0
73,SIAgent8,LOW_INCOME,3204,3204.0,1298,1298.0
73,WEAgent4,YOUNG_LOW_INCOME,2289,2289.0,0,0.0
73,SIAgent5,FEMALE_YOUNG_LOW_INCOME,1188,1188.0,110,110.0
73,SIAgent6,MALE_YOUNG_HIGH_INCOME,206,206.0,206,206.0
73,SIAgent3,LOW_INCOME,4807,4807.0,1158,1158.0
73,SIAgent4,OLD,2164,2164.0,1893,655.0
73,SIAgent1,FEMALE_YOUNG_LOW_INCOME,1188,1188.0,114,114.0
73,SIAgent2,FEMALE_YOUNG,894,894.0,237,237.0
73,SIAgent0,LOW_INCOME,1602,1602.0,1168,1168.0
73,WEAgent7,MALE_YOUNG_LOW_INCOME,1101,1101.0,0,0.0
73,WFAgent0,FEMALE_LOW_INCOME,1752,1752.0,1752,1752.0
74,WEAgent1,HIGH_INCOME,1192,1192.0,0,0.0
74,WEAgent2,FEMALE_OLD_HIGH_INCOME,81,81.0,0,0.0
74,WEAgent0,FEMALE_HIGH_INCOME,265,265.0,0,0.0
74,SIAgent9,MALE_OLD_LOW_INCOME,1077,1077.0,920,920.0
74,WEAgent5,OLD,1082,1082.0,0,0.0
74,WEAgent6,MALE_OLD_HIGH_INCOME,161,161.0,161,161.0
74,SIAgent7,MALE_OLD_HIGH_INCOME,161,161.0,129,129.0
74,WEAgent3,OLD,1082,1082.0,0,0.0
74,SIAgent8,HIGH_INCOME,397,397.0,267,267.0
74,WEAgent4,MALE_YOUNG_HIGH_INCOME,103,103.0,0,0.0
74,SIAgent5,FEMALE,2017,2017.0,3125,1294.0
74,SIAgent6,MALE_OLD_HIGH_INCOME,323,323.0,134,134.0
74,SIAgent3,OLD_LOW_INCOME,2517,2517.0,2134,2134.0
74,SIAgent4,MALE_HIGH_INCOME,530,530.0,121,121.0
74,SIAgent1,OLD_HIGH_INCOME,486,486.0,240,240.0
74,SIAgent2,FEMALE_OLD_HIGH_INCOME,81,81.0,81,81.0
74,SIAgent0,FEMALE_YOUNG_HIGH_INCOME,102,102.0,0,0.0
74,WEAgent7,YOUNG,2753,2753.0,2688,878.0
74,WFAgent0,FEMALE_OLD_LOW_INCOME,1440,1440.0,0,0.0
75,WEAgent1,YOUNG,917,917.0,0,0.0
75,WEAgent2,FEMALE_OLD_HIGH_INCOME,81,81.0,0,0.0
75,WEAgent0,MALE_YOUNG_HIGH_INCOME,206,206.0,0,0.0
75,SIAgent9,FEMALE_OLD_HIGH_INCOME,162,162.0,0,0.0
75,WEAgent5,FEMALE_YOUNG_LOW_INCOME,396,396.0,0,0.0
75,WEAgent6,YOUNG_HIGH_INCOME,463,463.0,0,0.0
75,SIAgent7,MALE_OLD_LOW_INCOME,1077,1077.0,891,891.0
75,WEAgent3,FEMALE,3026,3026.0,2751,2751.1850000000086
75,SIAgent8,FEMALE_OLD_HIGH_INCOME,244,244.0,0,0.0
75,WEAgent4,YOUNG_LOW_INCOME,1526,1526.0,1526,1526.0
75,SIAgent5,FEMALE_YOUNG,1341,1341.0,0,0.0
75,SIAgent6,MALE_YOUNG,941,941.0,261,261.0
75,SIAgent3,MALE_YOUNG,470,470.0,298,298.0
75,SIAgent4,FEMALE_OLD_LOW_INCOME,1440,1440.0,649,649.0
75,SIAgent1,FEMALE,1008,1008.0,697,697.0
75,SIAgent2,MALE,1982,1982.0,1959,1203.0
75,SIAgent0,FEMALE_LOW_INCOME,876,876.0,686,686.0
75,WEAgent7,MALE_OLD_HIGH_INCOME,323,323.0,0,0.0
75,WFAgent0,OLD_HIGH_INCOME,486,486.0,282,282.20300000000015
76,WEAgent1,MALE_YOUNG,470,470.0,469,469.0429999999997
76,WEAgent2,MALE_LOW_INCOME,726,726.0,0,0.0
76,WEAgent0,OLD,1082,1082.0,1507,723.7229999999898
76,SIAgent9,FEMALE,2017,2017.0,1429,926.0
76,WEAgent5,OLD_LOW_INCOME,1678,1678.0,1668,1668.802999999988
76,WEAgent6,FEMALE_OLD_HIGH_INCOME,244,244.0,0,0.0
76,SIAgent7,MALE_YOUNG_LOW_INCOME,1101,1101.0,450,450.0
76,WEAgent3,FEMALE_OLD_LOW_INCOME,480,480.0,0,0.0
76,SIAgent8,FEMALE_YOUNG,447,447.0,447,447.0
76,WEAgent4,YOUNG_HIGH_INCOME,309,309.0,277,217.21700000000067
76,SIAgent5,MALE_OLD_LOW_INCOME,1077,1077.0,285,285.0
76,SIAgent6,LOW_INCOME,3204,3204.0,1606,1606.0
76,SIAgent3,MALE_OLD_LOW_INCOME,718,718.0,296,296.0
76,SIAgent4,MALE_OLD_LOW_INCOME,718,718.0,270,270.0
76,SIAgent1,OLD_LOW_INCOME,2517,2517.0,291,291.0
76,SIAgent2,OLD_LOW_INCOME,2517,2517.0,300,300.0
76,SIAgent0,MALE_YOUNG_LOW_INCOME,1101,1101.0,441,441.0
76,WEAgent7,FEMALE_OLD_LOW_INCOME,480,480.0,0,0.0
76,WFAgent0,MALE_HIGH_INCOME,265,265.0,264,264.26400000000064
77,WEAgent1,MALE_YOUNG_HIGH_INCOME,310,310.0,310,310.0
77,WEAgent2,MALE_OLD_LOW_INCOME,359,359.0,0,0.0
77,WEAgent0,FEMALE_OLD_LOW_INCOME,960,960.0,847,847.8469999999869
77,SIAgent9,FEMALE_YOUNG,447,447.0,47,47.0
77,WEAgent5,FEMALE_OLD,1123,1123.0,1121,1121.7159999999878
77,WEAgent6,MALE_YOUNG_LOW_INCOME,1101,1101.0,0,0.0
77,SIAgent7,FEMALE_OLD_LOW_INCOME,960,960.0,0,0.0
77,WEAgent3,MALE_LOW_INCOME,1452,1452.0,0,0.0
77,SIAgent8,FEMALE_HIGH_INCOME,132,132.0,33,33.0
77,WEAgent4,MALE_YOUNG_LOW_INCOME,734,734.0,0,0.0
77,SIAgent5,MALE_YOUNG,1411,1411.0,991,991.0
77,SIAgent6,YOUNG,2753,2753.0,965,965.0
77,SIAgent3,FEMALE_YOUNG_HIGH_INCOME,153,153.0,50,50.0
77,SIAgent4,MALE_YOUNG_HIGH_INCOME,206,206.0,49,49.0
77,SIAgent1,YOUNG_HIGH_INCOME,154,154.0,105,105.0
77,SIAgent2,FEMALE,1008,1008.0,45,45.0
77,SIAgent0,OLD_LOW_INCOME,839,839.0,813,0.0
77,WEAgent7,OLD_HIGH_INCOME,729,729.0,790,0.0
77,WFAgent0,LOW_INCOME,4807,4807.0,3834,3834.8500000000945
78,WEAgent1,LOW_INCOME,1602,1602.0,1601,1601.457999999991
78,WEAgent2,FEMALE_HIGH_INCOME,132,132.0,0,0.0
78,WEAgent0,MALE_OLD_HIGH_INCOME,161,161.0,0,0.0
78,SIAgent9,HIGH_INCOME,1192,1192.0,419,419.0
78,WEAgent5,MALE_OLD_LOW_INCOME,1077,1077.0,0,0.0
78,WEAgent6,MALE_OLD_HIGH_INCOME,323,323.0,0,0.0
78,SIAgent7,FEMALE,2017,2017.0,2485,1383.0
78,WEAgent3,MALE_OLD,1041,1041.0,0,0.0
78,SIAgent8,MALE_OLD,1561,1561.0,461,461.0
78,WEAgent4,MALE_YOUNG_LOW_INCOME,1101,1101.0,0,0.0
78,SIAgent5,FEMALE_LOW_INCOME,876,876.0,876,876.0
78,SIAgent6,HIGH_INCOME,397,397.0,397,397.0
78,SIAgent3,MALE_LOW_INCOME,726,726.0,441,441.0
78,SIAgent4,YOUNG,1835,1835.0,919,919.0
78,SIAgent1,MALE_LOW_INCOME,726,726.0,460,460.0
78,SIAgent2,HIGH_INCOME,1192,1192.0,475,475.0
78,SIAgent0,YOUNG,1835,1835.0,947,947.0
78,WEAgent7,MALE_OLD,520,520.0,519,519.4709999999957
78,WFAgent0,OLD_HIGH_INCOME,486,486.0,0,0.0
79,WEAgent1,FEMALE_HIGH_INCOME,265,265.0,0,0.0
79,WEAgent2,MALE_OLD,520,520.0,0,0.0
79,WEAgent0,FEMALE_OLD_HIGH_INCOME,162,162.0,0,0.0
79,SIAgent9,OLD,1082,1082.0,1392,890.0
79,WEAgent5,FEMALE_HIGH_INCOME,397,397.0,0,0.0
79,WEAgent6,YOUNG_HIGH_INCOME,154,154.0,0,0.0
79,SIAgent7,MALE_YOUNG,470,470.0,2,2.0
79,WEAgent3,FEMALE,1008,1008.0,1008,1008.0
79,SIAgent8,FEMALE_LOW_INCOME,1752,1752.0,878,878.0
79,WEAgent4,HIGH_INCOME,1192,1192.0,1136,1136.0
79,SIAgent5,YOUNG,2753,2753.0,213,213.0
79,SIAgent6,MALE_YOUNG_HIGH_INCOME,206,206.0,0,0.0
79,SIAgent3,MALE_OLD_HIGH_INCOME,161,161.0,161,161.0
79,SIAgent4,YOUNG,2753,2753.0,194,194.0
79,SIAgent1,YOUNG_LOW_INCOME,1526,1526.0,197,197.0
79,SIAgent2,YOUNG_HIGH_INCOME,309,309.0,0,0.0
79,SIAgent0,MALE_LOW_INCOME,2178,2178.0,12,12.0
79,WEAgent7,LOW_INCOME,4807,4807.0,4807,4807.0
79,WFAgent0,YOUNG_LOW_INCOME,1526,1526.0,0,0.0
80,WEAgent1,MALE_YOUNG_HIGH_INCOME,310,310.0,0,0.0
80,WEAgent2,FEMALE_OLD_LOW_INCOME,960,960.0,0,0.0
80,WEAgent0,MALE,1982,1982.0,0,0.0
80,SIAgent9,MALE_YOUNG_LOW_INCOME,367,367.0,105,105.0
80,WEAgent5,YOUNG_HIGH_INCOME,463,463.0,0,0.0
80,WEAgent6,MALE_OLD,1561,1561.0,0,0.0
80,SIAgent7,MALE_OLD,520,520.0,238,238.0
80,WEAgent3,FEMALE_LOW_INCOME,876,876.0,876,876.0
80,SIAgent8,MALE_OLD_LOW_INCOME,1077,1077.0,2,2.0
80,WEAgent4,FEMALE_LOW_INCOME,1752,1752.0,0,0.0
80,SIAgent5,FEMALE_YOUNG_LOW_INCOME,792,792.0,384,384.0
80,SIAgent6,MALE_YOUNG,941,941.0,371,371.0
80,SIAgent3,OLD,2164,2164.0,1638,1638.0
80,SIAgent4,MALE_LOW_INCOME,1452,1452.0,123,123.0
80,SIAgent1,MALE,2973,2973.0,677,677.0
80,SIAgent2,FEMALE,2017,2017.0,1935,1913.0
80,SIAgent0,FEMALE_YOUNG,447,447.0,447,447.0
80,WEAgent7,LOW_INCOME,3204,3204.0,3204,3204.0
80,WFAgent0,OLD_HIGH_INCOME,486,486.0,0,0.0
81,WEAgent1,MALE_YOUNG_HIGH_INCOME,206,206.0,0,0.0
81,WEAgent2,FEMALE_LOW_INCOME,1752,1752.0,1752,1752.0
81,WEAgent0,FEMALE_YOUNG_LOW_INCOME,396,396.0,0,0.0
81,SIAgent9,MALE_OLD_HIGH_INCOME,484,484.0,255,255.0
81,WEAgent5,FEMALE_YOUNG_HIGH_INCOME,102,102.0,0,0.0
81,WEAgent6,MALE_YOUNG_HIGH_INCOME,103,103.0,0,0.0
81,SIAgent7,MALE_OLD,1041,1041.0,757,757.0
81,WEAgent3,MALE_OLD_HIGH_INCOME,323,323.0,0,0.0
81,SIAgent8,LOW_INCOME,1602,1602.0,1602,1602.0
81,WEAgent4,FEMALE_OLD_LOW_INCOME,1440,1440.0,0,0.0
81,SIAgent5,MALE_OLD_LOW_INCOME,718,718.0,522,522.0
81,SIAgent6,YOUNG_HIGH_INCOME,463,463.0,225,225.0
81,SIAgent3,MALE_HIGH_INCOME,530,530.0,488,488.0
81,SIAgent4,YOUNG_LOW_INCOME,1526,1526.0,1271,1115.0
81,SIAgent1,FEMALE_YOUNG_LOW_INCOME,396,396.0,396,396.0
81,SIAgent2,FEMALE_LOW_INCOME,2628,2628.0,940,682.0
81,SIAgent0,YOUNG_LOW_INCOME,763,763.0,763,763.0
81,WEAgent7,FEMALE_HIGH_INCOME,397,397.0,670,251.0
81,WFAgent0,MALE_OLD_LOW_INCOME,359,359.0,359,359.0
82,WEAgent1,OLD_HIGH_INCOME,729,729.0,0,0.0
82,WEAgent2,MALE_LOW_INCOME,726,726.0,726,726.0
82,WEAgent0,MALE_YOUNG_LOW_INCOME,734,734.0,0,0.0
82,SIAgent9,FEMALE_YOUNG,447,447.0,51,51.0
82,WEAgent5,OLD_HIGH_INCOME,243,243.0,0,0.0
82,WEAgent6,MALE_YOUNG_HIGH_INCOME,206,206.0,0,0.0
82,SIAgent7,MALE_HIGH_INCOME,795,795.0,314,314.0
82,WEAgent3,MALE_YOUNG,1411,1411.0,0,0.0
82,SIAgent8,FEMALE_LOW_INCOME,1752,1752.0,1562,918.0
82,WEAgent4,FEMALE_LOW_INCOME,1752,1752.0,1752,1752.0
82,SIAgent5,FEMALE_YOUNG,894,894.0,57,57.0
82,SIAgent6,OLD,1082,1082.0,1964,1082.0
82,SIAgent3,FEMALE_YOUNG,894,894.0,52,52.0
82,SIAgent4,MALE_OLD_HIGH_INCOME,484,484.0,327,327.0
82,SIAgent1,YOUNG_LOW_INCOME,763,763.0,763,763.0
82,SIAgent2,FEMALE_YOUNG_LOW_INCOME,792,792.0,46,46.0
82,SIAgent0,YOUNG,1835,1835.0,1071,777.0
82,WEAgent7,MALE_YOUNG_HIGH_INCOME,206,206.0,0,0.0
82,WFAgent0,HIGH_INCOME,795,795.0,769,769.0
83,WEAgent1,OLD,3246,3246.0,3158,3158.234999999997
83,WEAgent2,FEMALE_OLD_HIGH_INCOME,244,244.0,0,0.0
83,WEAgent0,FEMALE_LOW_INCOME,2628,2628.0,2609,2609.365999999998
83,SIAgent9,FEMALE_OLD_HIGH_INCOME,244,244.0,0,0.0
83,WEAgent5,LOW_INCOME,1602,1602.0,0,0.0
83,WEAgent6,MALE_OLD,1561,1561.0,0,0.0
83,SIAgent7,YOUNG,1835,1835.0,15,15.0
83,WEAgent3,OLD_HIGH_INCOME,486,486.0,0,0.0
83,SIAgent8,OLD_LOW_INCOME,2517,2517.0,451,451.0
83,WEAgent4,YOUNG,2753,2753.0,2742,2742.142999999998
83,SIAgent5,FEMALE_OLD,1684,1684.0,456,456.0
83,SIAgent6,MALE_YOUNG_LOW_INCOME,1101,1101.0,20,20.0
83,SIAgent3,OLD_LOW_INCOME,1678,1678.0,508,508.0
83,SIAgent4,FEMALE_OLD_HIGH_INCOME,244,244.0,0,0.0
83,SIAgent1,MALE_LOW_INCOME,726,726.0,12,12.0
83,SIAgent2,MALE,1982,1982.0,29,29.0
83,SIAgent0,MALE_OLD_HIGH_INCOME,161,161.0,0,0.0
83,WEAgent7,MALE,1982,1982.0,0,0.0
83,WFAgent0,MALE_YOUNG,1411,1411.0,0,0.0
84,WEAgent1,FEMALE,3026,3026.0,3008,3008.3829999999925
84,WEAgent2,FEMALE_HIGH_INCOME,397,397.0,0,0.0
84,WEAgent0,FEMALE_YOUNG_HIGH_INCOME,51,51.0,0,0.0
84,SIAgent9,MALE_OLD_LOW_INCOME,359,359.0,0,0.0
84,WEAgent5,FEMALE_LOW_INCOME,876,876.0,0,0.0
84,WEAgent6,FEMALE_HIGH_INCOME,265,265.0,0,0.0
84,SIAgent7,YOUNG_HIGH_INCOME,463,463.0,74,74.0
84,WEAgent3,OLD_HIGH_INCOME,243,243.0,0,0.0
84,SIAgent8,MALE,991,991.0,213,213.0
84,WEAgent4,LOW_INCOME,3204,3204.0,3155,3155.0
84,SIAgent5,MALE,1982,1982.0,193,193.0
84,SIAgent6,YOUNG,917,917.0,223,223.0
84,SIAgent3,FEMALE_YOUNG_LOW_INCOME,792,792.0,4,4.0
84,SIAgent4,YOUNG,1835,1835.0,221,221.0
84,SIAgent1,FEMALE_YOUNG_LOW_INCOME,1188,1188.0,4,4.0
84,SIAgent2,HIGH_INCOME,1192,1192.0,92,92.0
84,SIAgent0,FEMALE_HIGH_INCOME,397,397.0,7,7.0
84,WEAgent7,OLD,2164,2164.0,2806,1208.4009999999948
84,WFAgent0,FEMALE_HIGH_INCOME,397,397.0,0,0.0
85,WEAgent1,MALE_OLD_LOW_INCOME,359,359.0,0,0.0
85,WEAgent2,OLD,2164,2164.0,0,0.0
85,WEAgent0,MALE_YOUNG_LOW_INCOME,367,367.0,0,0.0
85,SIAgent9,FEMALE,3026,3026.0,203,203.0
85,WEAgent5,FEMALE_YOUNG_LOW_INCOME,792,792.0,0,0.0
85,WEAgent6,LOW_INCOME,3204,3204.0,1495,1495.0
85,SIAgent7,YOUNG,1835,1835.0,1318,803.0
85,WEAgent3,HIGH_INCOME,1192,1192.0,0,0.0
85,SIAgent8,FEMALE_YOUNG_LOW_INCOME,792,792.0,73,73.0
85,WEAgent4,MALE_OLD,1561,1561.0,0,0.0
85,SIAgent5,MALE_LOW_INCOME,1452,1452.0,2219,616.0
85,SIAgent6,FEMALE_YOUNG_LOW_INCOME,1188,1188.0,65,65.0
85,SIAgent3,MALE_OLD_HIGH_INCOME,323,323.0,841,0.8410000000000006
85,SIAgent4,YOUNG_LOW_INCOME,763,763.0,654,654.0
85,SIAgent1,FEMALE_OLD_HIGH_INCOME,81,81.0,0,0.0
85,SIAgent2,FEMALE_YOUNG_LOW_INCOME,1188,1188.0,65,65.0
85,SIAgent0,FEMALE_YOUNG_LOW_INCOME,1188,1188.0,71,71.0
85,WEAgent7,FEMALE_YOUNG_HIGH_INCOME,102,102.0,0,0.0
85,WFAgent0,OLD,3246,3246.0,2996,2996.0
86,WEAgent1,FEMALE,1008,1008.0,0,0.0
86,WEAgent2,MALE_OLD_HIGH_INCOME,161,161.0,0,0.0
86,WEAgent0,FEMALE_HIGH_INCOME,265,265.0,0,0.0
86,SIAgent9,OLD,2164,2164.0,2215,1825.0
86,WEAgent5,FEMALE_OLD_HIGH_INCOME,244,244.0,0,0.0
86,WEAgent6,MALE_OLD_HIGH_INCOME,323,323.0,0,0.0
86,SIAgent7,YOUNG,917,917.0,347,347.0
86,WEAgent3,LOW_INCOME,3204,3204.0,3159,3159.0
86,SIAgent8,YOUNG_HIGH_INCOME,463,463.0,236,236.0
86,WEAgent4,MALE_OLD,1561,1561.0,0,0.0
86,SIAgent5,FEMALE_LOW_INCOME,876,876.0,718,718.0
86,SIAgent6,FEMALE,2017,2017.0,891,891.0
86,SIAgent3,FEMALE_YOUNG_LOW_INCOME,396,396.0,102,102.0
86,SIAgent4,FEMALE_LOW_INCOME,2628,2628.0,734,734.0
86,SIAgent1,MALE_LOW_INCOME,726,726.0,726,726.0
86,SIAgent2,YOUNG,1835,1835.0,345,345.0
86,SIAgent0,OLD_HIGH_INCOME,729,729.0,527,527.0
86,WEAgent7,MALE,991,991.0,0,0.0
86,WFAgent0,OLD,3246,3246.0,0,0.0
87,WEAgent1,YOUNG_HIGH_INCOME,154,154.0,0,0.0
87,WEAgent2,MALE_OLD_HIGH_INCOME,484,484.0,0,0.0
87,WEAgent0,MALE_LOW_INCOME,2178,2178.0,0,0.0
87,SIAgent9,FEMALE_LOW_INCOME,876,876.0,2595,486.0
87,WEAgent5,FEMALE_YOUNG_LOW_INCOME,1188,1188.0,1187,1187.1370000000002
87,WEAgent6,YOUNG,2753,2753.0,2054,2054.807999999987
87,SIAgent7,MALE_YOUNG_LOW_INCOME,1101,1101.0,0,0.0
87,WEAgent3,HIGH_INCOME,1192,1192.0,1189,1189.0
87,SIAgent8,MALE_OLD_HIGH_INCOME,161,161.0,3,3.0
87,WEAgent4,MALE_YOUNG_LOW_INCOME,734,734.0,0,0.0
87,SIAgent5,MALE_OLD_HIGH_INCOME,323,323.0,12,12.0
87,SIAgent6,MALE_YOUNG,1411,1411.0,0,0.0
87,SIAgent3,FEMALE_YOUNG_HIGH_INCOME,102,102.0,15,15.0
87,SIAgent4,FEMALE_OLD_LOW_INCOME,480,480.0,480,480.0
87,SIAgent1,FEMALE_OLD_HIGH_INCOME,162,162.0,0,0.0
87,SIAgent2,YOUNG_HIGH_INCOME,309,309.0,17,17.0
87,SIAgent0,OLD_HIGH_INCOME,486,486.0,14,14.0
87,WEAgent7,FEMALE_YOUNG_LOW_INCOME,396,396.0,0,0.0
87,WFAgent0,MALE_YOUNG,941,941.0,666,666.6659999999912
88,WEAgent1,MALE_OLD_HIGH_INCOME,161,161.0,0,0.0
88,WEAgent2,FEMALE_YOUNG_HIGH_INCOME,51,51.0,216,0.0
88,WEAgent0,LOW_INCOME,3204,3204.0,3177,3177.0
88,SIAgent9,YOUNG_LOW_INCOME,1526,1526.0,1226,1226.0
88,WEAgent5,MALE_OLD,1041,1041.0,0,0.0
88,WEAgent6,YOUNG_LOW_INCOME,1526,1526.0,0,0.0
88,SIAgent7,OLD_HIGH_INCOME,243,243.0,5,5.0
88,WEAgent3,MALE_HIGH_INCOME,265,265.0,512,0.0
88,SIAgent8,FEMALE_OLD_LOW_INCOME,480,480.0,480,480.0
88,WEAgent4,MALE_OLD,520,520.0,0,0.0
88,SIAgent5,MALE_OLD_HIGH_INCOME,161,161.0,4,4.0
88,SIAgent6,MALE_OLD,1041,1041.0,6,6.0
88,SIAgent3,FEMALE_OLD,1123,1123.0,1019,454.0
88,SIAgent4,MALE_OLD_HIGH_INCOME,161,161.0,8,8.0
88,SIAgent1,OLD_HIGH_INCOME,486,486.0,7,7.0
88,SIAgent2,FEMALE_OLD_HIGH_INCOME,81,81.0,0,0.0
88,SIAgent0,YOUNG_LOW_INCOME,2289,2289.0,1191,1191.0
88,WEAgent7,OLD,2164,2164.0,2149,2149.0
88,WFAgent0,FEMALE_YOUNG,1341,1341.0,0,0.0
89,WEAgent1,FEMALE_YOUNG_LOW_INCOME,1188,1188.0,0,0.0
89,WEAgent2,YOUNG_LOW_INCOME,763,763.0,0,0.0
89,WEAgent0,OLD,2164,2164.0,2169,1745.4729999999927
89,SIAgent9,MALE_YOUNG,1411,1411.0,431,431.0
89,WEAgent5,FEMALE_OLD_LOW_INCOME,480,480.0,479,479.47899999999555
89,WEAgent6,FEMALE_HIGH_INCOME,397,397.0,0,0.0
89,SIAgent7,MALE_LOW_INCOME,726,726.0,717,717.0
89,WEAgent3,YOUNG_HIGH_INCOME,463,463.0,463,463.0
89,SIAgent8,MALE_OLD_LOW_INCOME,718,718.0,366,366.0
89,WEAgent4,FEMALE_YOUNG_LOW_INCOME,396,396.0,0,0.0
89,SIAgent5,MALE_YOUNG_LOW_INCOME,367,367.0,367,367.0
89,SIAgent6,LOW_INCOME,4807,4807.0,1712,1712.0
89,SIAgent3,MALE_OLD,1041,1041.0,336,336.0
89,SIAgent4,MALE_YOUNG_HIGH_INCOME,310,310.0,46,46.0
89,SIAgent1,LOW_INCOME,4807,4807.0,1765,1765.0
89,SIAgent2,FEMALE_YOUNG,894,894.0,753,508.0
89,SIAgent0,FEMALE_YOUNG_LOW_INCOME,396,396.0,396,396.0
89,WEAgent7,MALE_OLD,1561,1561.0,0,0.0
89,WFAgent0,MALE_OLD,1041,1041.0,0,0.0
90,WEAgent1,YOUNG_LOW_INCOME,763,763.0,763,763.0
90,WEAgent2,FEMALE_OLD_HIGH_INCOME,162,162.0,0,0.0
90,WEAgent0,MALE_HIGH_INCOME,265,265.0,0,0.0
90,SIAgent9,MALE_OLD_LOW_INCOME,1077,1077.0,5,5.0
90,WEAgent5,OLD_HIGH_INCOME,729,729.0,0,0.0
90,WEAgent6,MALE_OLD_HIGH_INCOME,484,484.0,0,0.0
90,SIAgent7,MALE,991,991.0,599,599.0
90,WEAgent3,OLD,3246,3246.0,3245,3245.0
90,SIAgent8,FEMALE_OLD,561,561.0,561,561.0
90,WEAgent4,MALE_OLD,1041,1041.0,0,0.0
90,SIAgent5,HIGH_INCOME,795,795.0,456,201.0
90,SIAgent6,MALE_OLD,1041,1041.0,6,6.0
90,SIAgent3,MALE_YOUNG_LOW_INCOME,734,734.0,353,353.0
90,SIAgent4,MALE_YOUNG,470,470.0,470,470.0
90,SIAgent1,FEMALE_OLD_LOW_INCOME,960,960.0,771,771.0
90,SIAgent2,FEMALE_OLD,1684,1684.0,740,740.0
90,SIAgent0,MALE_OLD_LOW_INCOME,1077,1077.0,6,6.0
90,WEAgent7,MALE_OLD,1041,1041.0,0,0.0
90,WFAgent0,FEMALE_YOUNG_LOW_INCOME,396,396.0,2025,0.0
91,WEAgent1,MALE_HIGH_INCOME,530,530.0,0,0.0
91,WEAgent2,MALE_LOW_INCOME,726,726.0,726,726.0
91,WEAgent0,FEMALE_HIGH_INCOME,132,132.0,0,0.0
91,SIAgent9,YOUNG_LOW_INCOME,763,763.0,749,749.0
91,WEAgent5,MALE_OLD_HIGH_INCOME,323,323.0,0,0.0
91,WEAgent6,FEMALE_YOUNG_LOW_INCOME,1188,1188.0,1188,1188.0
91,SIAgent7,FEMALE_YOUNG_LOW_INCOME,792,792.0,403,403.0
91,WEAgent3,MALE_HIGH_INCOME,265,265.0,0,0.0
91,SIAgent8,OLD_HIGH_INCOME,486,486.0,148,148.0
91,WEAgent4,MALE_LOW_INCOME,1452,1452.0,1452,1452.0
91,SIAgent5,MALE_YOUNG,470,470.0,351,351.0
91,SIAgent6,MALE_LOW_INCOME,1452,1452.0,560,560.0
91,SIAgent3,MALE_OLD,520,520.0,327,327.0
91,SIAgent4,MALE_HIGH_INCOME,530,530.0,166,166.0
91,SIAgent1,MALE_OLD_HIGH_INCOME,323,323.0,170,170.0
91,SIAgent2,FEMALE_OLD_HIGH_INCOME,244,244.0,0,0.0
91,SIAgent0,MALE_HIGH_INCOME,795,795.0,158,158.0
91,WEAgent7,HIGH_INCOME,1192,1192.0,1146,911.0
91,WFAgent0,YOUNG_LOW_INCOME,763,763.0,0,0.0
92,WEAgent1,FEMALE_HIGH_INCOME,265,265.0,0,0.0
92,WEAgent2,OLD,2164,2164.0,2173,1356.0
92,WEAgent0,FEMALE_YOUNG_HIGH_INCOME,51,51.0,0,0.0
92,SIAgent9,FEMALE_OLD,1684,1684.0,840,836.0
92,WEAgent5,FEMALE_YOUNG_HIGH_INCOME,102,102.0,0,0.0
92,WEAgent6,FEMALE_OLD,1123,1123.0,0,0.0
92,SIAgent7,FEMALE_YOUNG_HIGH_INCOME,102,102.0,94,94.0
92,WEAgent3,FEMALE_OLD_HIGH_INCOME,81,81.0,0,0.0
92,SIAgent8,LOW_INCOME,1602,1602.0,1602,1602.0
92,WEAgent4,MALE_YOUNG_HIGH_INCOME,103,103.0,0,0.0
92,SIAgent5,YOUNG_LOW_INCOME,2289,2289.0,952,952.0
92,SIAgent6,MALE_LOW_INCOME,1452,1452.0,675,675.0
92,SIAgent3,MALE_YOUNG_LOW_INCOME,734,734.0,352,352.0
92,SIAgent4,OLD_LOW_INCOME,1678,1678.0,1206,1206.0
92,SIAgent1,MALE_YOUNG_HIGH_INCOME,206,206.0,206,206.0
92,SIAgent2,FEMALE_YOUNG,1341,1341.0,611,611.0
92,SIAgent0,YOUNG,1835,1835.0,1289,1198.0
92,WEAgent7,FEMALE_YOUNG,1341,1341.0,0,0.0
92,WFAgent0,MALE_OLD_LOW_INCOME,718,718.0,0,0.0
93,WEAgent1,MALE_YOUNG,470,470.0,0,0.0
93,WEAgent2,FEMALE_YOUNG,894,894.0,0,0.0
93,WEAgent0,MALE_LOW_INCOME,726,726.0,0,0.0
93,SIAgent9,FEMALE_OLD,561,561.0,559,559.0
93,WEAgent5,YOUNG,917,917.0,699,699.6989999999904
93,WEAgent6,OLD,1082,1082.0,1081,1081.844999999982
93,SIAgent7,YOUNG_LOW_INCOME,2289,2289.0,909,909.0
93,WEAgent3,OLD,2164,2164.0,2214,1977.7909999999845
93,SIAgent8,FEMALE_OLD_LOW_INCOME,480,480.0,480,480.0
93,WEAgent4,YOUNG,917,917.0,692,692.6919999999906
93,SIAgent5,FEMALE_YOUNG_LOW_INCOME,396,396.0,1,1.0
93,SIAgent6,MALE_HIGH_INCOME,265,265.0,0,0.0
93,SIAgent3,FEMALE_OLD_LOW_INCOME,1440,1440.0,606,606.0
93,SIAgent4,FEMALE_HIGH_INCOME,397,397.0,0,0.0
93,SIAgent1,FEMALE_LOW_INCOME,876,876.0,511,511.0
93,SIAgent2,FEMALE_YOUNG,894,894.0,2,2.0
93,SIAgent0,YOUNG_LOW_INCOME,2289,2289.0,907,907.0
93,WEAgent7,FEMALE_YOUNG,1341,1341.0,1339,1339.452999999994
93,WFAgent0,FEMALE_OLD_LOW_INCOME,1440,1440.0,0,0.0
94,WEAgent1,MALE,2973,2973.0,2765,2765.1990000000005
94,WEAgent2,YOUNG_LOW_INCOME,763,763.0,0,0.0
94,WEAgent0,MALE_YOUNG_LOW_INCOME,734,734.0,0,0.0
94,SIAgent9,FEMALE_OLD_LOW_INCOME,960,960.0,1945,446.0
94,WEAgent5,FEMALE,2017,2017.0,2475,541.0979999999992
94,WEAgent6,MALE_YOUNG_LOW_INCOME,367,367.0,0,0.0
94,SIAgent7,MALE,1982,1982.0,1004,1004.0
94,WEAgent3,MALE_OLD_HIGH_INCOME,161,161.0,0,0.0
94,SIAgent8,FEMALE_YOUNG_HIGH_INCOME,153,153.0,0,0.0
94,WEAgent4,FEMALE_YOUNG_HIGH_INCOME,153,153.0,0,0.0
94,SIAgent5,MALE_YOUNG_HIGH_INCOME,310,310.0,0,0.0
94,SIAgent6,MALE_OLD,1561,1561.0,100,100.0
94,SIAgent3,FEMALE_OLD_LOW_INCOME,480,480.0,480,480.0
94,SIAgent4,HIGH_INCOME,1192,1192.0,5,5.0
94,SIAgent1,MALE_YOUNG,941,941.0,919,919.0
94,SIAgent2,FEMALE_OLD_HIGH_INCOME,244,244.0,0,0.0
94,SIAgent0,FEMALE_HIGH_INCOME,132,132.0,0,0.0
94,WEAgent7,FEMALE_HIGH_INCOME,265,265.0,0,0.0
94,WFAgent0,YOUNG_HIGH_INCOME,309,309.0,307,307.3069999999996
95,WEAgent1,MALE_HIGH_INCOME,795,795.0,795,795.0
95,WEAgent2,FEMALE_YOUNG,894,894.0,0,0.0
95,WEAgent0,YOUNG_HIGH_INCOME,463,463.0,0,0.0
95,SIAgent9,MALE_HIGH_INCOME,795,795.0,124,124.0
95,WEAgent5,FEMALE_YOUNG_HIGH_INCOME,153,153.0,0,0.0
95,WEAgent6,MALE_OLD_HIGH_INCOME,323,323.0,0,0.0
95,SIAgent7,MALE_YOUNG_HIGH_INCOME,310,310.0,123,123.0
95,WEAgent3,FEMALE_OLD,1123,1123.0,1123,1123.0
95,SIAgent8,FEMALE_YOUNG_LOW_INCOME,1188,1188.0,1124,735.0
95,WEAgent4,MALE_LOW_INCOME,2178,2178.0,2110,383.3829999999978
95,SIAgent5,FEMALE_YOUNG_HIGH_INCOME,102,102.0,83,83.0
95,SIAgent6,FEMALE_OLD_LOW_INCOME,960,960.0,886,886.0
95,SIAgent3,MALE_OLD_HIGH_INCOME,161,161.0,4,4.0
95,SIAgent4,YOUNG,917,917.0,917,917.0
95,SIAgent1,FEMALE_HIGH_INCOME,265,265.0,91,90.0
95,SIAgent2,FEMALE_OLD_LOW_INCOME,960,960.0,828,828.0
95,SIAgent0,MALE_HIGH_INCOME,530,530.0,140,140.0
95,WEAgent7,LOW_INCOME,1602,1602.0,1183,809.5209999999906
95,WFAgent0,MALE_YOUNG,470,470.0,469,469.4689999999958
96,WEAgent1,FEMALE_YOUNG,447,447.0,0,0.0
96,WEAgent2,FEMALE_OLD,1123,1123.0,0,0.0
96,WEAgent0,FEMALE_YOUNG,894,894.0,0,0.0
96,SIAgent9,HIGH_INCOME,1192,1192.0,343,343.0
96,WEAgent5,MALE_YOUNG_LOW_INCOME,1101,1101.0,0,0.0
96,WEAgent6,MALE_LOW_INCOME,2178,2178.0,0,0.0
96,SIAgent7,YOUNG_HIGH_INCOME,309,309.0,174,174.0
96,WEAgent3,MALE_YOUNG_HIGH_INCOME,206,206.0,0,0.0
96,SIAgent8,OLD_HIGH_INCOME,243,243.0,158,158.0
96,WEAgent4,FEMALE_OLD,1123,1123.0,0,0.0
96,SIAgent5,LOW_INCOME,3204,3204.0,2436,2436.0
96,SIAgent6,MALE_LOW_INCOME,726,726.0,726,726.0
96,SIAgent3,MALE_LOW_INCOME,726,726.0,726,726.0
96,SIAgent4,LOW_INCOME,4807,4807.0,2373,2373.0
96,SIAgent1,MALE_YOUNG_HIGH_INCOME,103,103.0,72,72.0
96,SIAgent2,YOUNG_LOW_INCOME,1526,1526.0,938,938.0
96,SIAgent0,FEMALE,1008,1008.0,1008,1008.0
96,WEAgent7,HIGH_INCOME,795,795.0,781,781.0
96,WFAgent0,MALE_HIGH_INCOME,265,265.0,265,265.0
97,WEAgent1,FEMALE_OLD_LOW_INCOME,960,960.0,0,0.0
97,WEAgent2,MALE_LOW_INCOME,2178,2178.0,0,0.0
97,WEAgent0,OLD,1082,1082.0,0,0.0
97,SIAgent9,LOW_INCOME,3204,3204.0,3759,1876.0
97,WEAgent5,FEMALE_YOUNG,1341,1341.0,0,0.0
97,WEAgent6,MALE_HIGH_INCOME,265,265.0,265,265.0
97,SIAgent7,FEMALE_YOUNG,894,894.0,580,580.0
97,WEAgent3,FEMALE_LOW_INCOME,876,876.0,0,0.0
97,SIAgent8,MALE_OLD,1041,1041.0,763,763.0
97,WEAgent4,YOUNG_LOW_INCOME,2289,2289.0,0,0.0
97,SIAgent5,FEMALE_LOW_INCOME,2628,2628.0,1292,1292.0
97,SIAgent6,MALE_OLD_HIGH_INCOME,484,484.0,145,145.0
97,SIAgent3,YOUNG_HIGH_INCOME,154,154.0,146,146.0
97,SIAgent4,FEMALE_YOUNG,1341,1341.0,567,567.0
97,SIAgent1,HIGH_INCOME,795,795.0,487,487.0
97,SIAgent2,MALE_HIGH_INCOME,795,795.0,245,245.0
97,SIAgent0,OLD,3246,3246.0,1751,1751.0
97,WEAgent7,MALE,2973,2973.0,0,0.0
97,WFAgent0,MALE_YOUNG,941,941.0,0,0.0
98,WEAgent1,FEMALE_YOUNG_HIGH_INCOME,51,51.0,0,0.0
98,WEAgent2,FEMALE_YOUNG_LOW_INCOME,792,792.0,0,0.0
98,WEAgent0,LOW_INCOME,1602,1602.0,1601,1601.7969999999839
98,SIAgent9,YOUNG_HIGH_INCOME,309,309.0,162,162.0
98,WEAgent5,FEMALE_OLD,1123,1123.0,0,0.0
98,WEAgent6,FEMALE_HIGH_INCOME,132,132.0,0,0.0
98,SIAgent7,FEMALE_OLD_LOW_INCOME,960,960.0,350,0.0
98,WEAgent3,FEMALE_OLD,1684,1684.0,1681,1681.7769999999869
98,SIAgent8,FEMALE_OLD_HIGH_INCOME,244,244.0,0,0.0
98,WEAgent4,FEMALE_LOW_INCOME,876,876.0,0,0.0
98,SIAgent5,FEMALE_OLD_HIGH_INCOME,244,244.0,0,0.0
98,SIAgent6,MALE_HIGH_INCOME,795,795.0,381,381.0
98,SIAgent3,FEMALE_YOUNG,1341,1341.0,435,435.0
98,SIAgent4,FEMALE_YOUNG_LOW_INCOME,792,792.0,403,403.0
98,SIAgent1,YOUNG,1835,1835.0,2389,552.0
98,SIAgent2,MALE_HIGH_INCOME,795,795.0,401,401.0
98,SIAgent0,HIGH_INCOME,1192,1192.0,419,419.0
98,WEAgent7,FEMALE_YOUNG,894,894.0,0,0.0
98,WFAgent0,LOW_INCOME,4807,4807.0,0,0.0
99,WEAgent1,LOW_INCOME,4807,4807.0,4755,4755.0
99,WEAgent2,FEMALE_OLD_HIGH_INCOME,244,244.0,244,244.0
99,WEAgent0,FEMALE_OLD_HIGH_INCOME,81,81.0,0,0.0
99,SIAgent9,MALE_OLD,1561,1561.0,400,400.0
99,WEAgent5,MALE_HIGH_INCOME,265,265.0,264,264.23500000000075
99,WEAgent6,YOUNG_HIGH_INCOME,154,154.0,0,0.0
99,SIAgent7,FEMALE,1008,1008.0,904,904.0
99,WEAgent3,MALE_OLD_LOW_INCOME,1077,1077.0,0,0.0
99,SIAgent8,FEMALE_OLD,1684,1684.0,671,671.0
99,WEAgent4,OLD_LOW_INCOME,1678,1678.0,0,0.0
99,SIAgent5,OLD_LOW_INCOME,839,839.0,582,582.0
99,SIAgent6,YOUNG_LOW_INCOME,763,763.0,200,200.0
99,SIAgent3,LOW_INCOME,3204,3204.0,818,818.0
99,SIAgent4,FEMALE_YOUNG_HIGH_INCOME,102,102.0,72,72.0
99,SIAgent1,MALE,1982,1982.0,425,419.0
99,SIAgent2,FEMALE_YOUNG,447,447.0,270,270.0
99,SIAgent0,FEMALE_HIGH_INCOME,397,397.0,131,131.0
99,WEAgent7,MALE_HIGH_INCOME,265,265.0,264,264.26400000000064
99,WFAgent0,FEMALE_LOW_INCOME,876,876.0,0,0.0

